2.870061993598937988e-01 7.129938006401062012e-01
5.508903861045837402e-01 4.491096138954162598e-01
6.978386044502258301e-01 3.021613955497741699e-01
5.670424699783325195e-01 4.329575002193450928e-01
5.236291885375976562e-01 4.763708114624023438e-01
2.893332540988922119e-01 7.106667160987854004e-01
1.784007996320724487e-01 8.215991854667663574e-01
6.791062355041503906e-01 3.208937644958496094e-01
6.135756969451904297e-01 3.864243030548095703e-01
5.601811408996582031e-01 4.398188591003417969e-01
2.859084308147430420e-01 7.140915393829345703e-01
1.666291803121566772e-01 8.333708047866821289e-01
5.642721056938171387e-01 4.357278943061828613e-01
6.007298827171325684e-01 3.992700874805450439e-01
1.184737160801887512e-01 8.815262913703918457e-01
4.422064125537872314e-01 5.577936172485351562e-01
5.859151482582092285e-01 4.140848517417907715e-01
5.642721056938171387e-01 4.357278943061828613e-01
7.976741194725036621e-01 2.023259103298187256e-01
6.447035670280456543e-01 3.552964329719543457e-01
5.607773661613464355e-01 4.392226636409759521e-01
2.673691213130950928e-01 7.326309084892272949e-01
4.531124532222747803e-01 5.468875765800476074e-01
6.125909090042114258e-01 3.874090909957885742e-01
4.483767151832580566e-01 5.516232848167419434e-01
6.354536414146423340e-01 3.645463287830352783e-01
8.372290730476379395e-01 1.627709269523620605e-01
1.616358160972595215e-01 8.383641839027404785e-01
5.157290101051330566e-01 4.842709898948669434e-01
2.487641572952270508e-01 7.512358427047729492e-01
3.436521589756011963e-01 6.563478112220764160e-01
3.368244469165802002e-01 6.631755232810974121e-01
3.072029948234558105e-01 6.927970051765441895e-01
5.858166813850402832e-01 4.141833186149597168e-01
5.029569268226623535e-01 4.970430731773376465e-01
5.022706985473632812e-01 4.977292716503143311e-01
4.717292487621307373e-01 5.282707810401916504e-01
2.537318170070648193e-01 7.462681531906127930e-01
3.924837410449981689e-01 6.075162887573242188e-01
7.363789677619934082e-01 2.636210024356842041e-01
3.430035412311553955e-01 6.569964885711669922e-01
4.570420682430267334e-01 5.429579019546508789e-01
3.345521092414855957e-01 6.654478907585144043e-01
5.871955156326293945e-01 4.128044843673706055e-01
1.993418782949447632e-01 8.006581068038940430e-01
4.574424922466278076e-01 5.425574779510498047e-01
4.105781912803649902e-01 5.894218087196350098e-01
3.653186857700347900e-01 6.346812844276428223e-01
6.278946995735168457e-01 3.721053004264831543e-01
3.808161616325378418e-01 6.191838383674621582e-01
1.701680272817611694e-01 8.298319578170776367e-01
1.325804591178894043e-01 8.674195408821105957e-01
6.817229986190795898e-01 3.182770013809204102e-01
6.516140699386596680e-01 3.483859300613403320e-01
6.553202271461486816e-01 3.446797430515289307e-01
5.747364759445190430e-01 4.252634942531585693e-01
6.472379565238952637e-01 3.527620434761047363e-01
3.751832246780395508e-01 6.248167753219604492e-01
9.203803539276123047e-01 7.961966097354888916e-02
9.012152552604675293e-01 9.878474473953247070e-02
1.562732607126235962e-01 8.437267541885375977e-01
6.034515500068664551e-01 3.965484797954559326e-01
7.271216511726379395e-01 2.728783488273620605e-01
4.875262379646301270e-01 5.124737620353698730e-01
4.827636778354644775e-01 5.172362923622131348e-01
6.603828072547912598e-01 3.396171927452087402e-01
3.148368597030639648e-01 6.851631402969360352e-01
1.180770397186279297e-01 8.819229602813720703e-01
6.723514795303344727e-01 3.276485502719879150e-01
4.892966151237487793e-01 5.107033848762512207e-01
6.198180913925170898e-01 3.801819086074829102e-01
5.642721056938171387e-01 4.357278943061828613e-01
6.125503182411193848e-01 3.874496817588806152e-01
3.545379042625427246e-01 6.454620957374572754e-01
6.389405131340026855e-01 3.610594868659973145e-01
2.898927628993988037e-01 7.101072072982788086e-01
7.891936302185058594e-01 2.108063548803329468e-01
3.264104425907135010e-01 6.735895276069641113e-01
7.280021309852600098e-01 2.719978690147399902e-01
2.632131278514862061e-01 7.367868423461914062e-01
3.006613850593566895e-01 6.993386149406433105e-01
7.018936276435852051e-01 2.981063723564147949e-01
5.412646532058715820e-01 4.587353467941284180e-01
3.511081933975219727e-01 6.488918066024780273e-01
3.916824758052825928e-01 6.083174943923950195e-01
3.270713090896606445e-01 6.729286909103393555e-01
2.773405909538269043e-01 7.226594090461730957e-01
4.574699997901916504e-01 5.425300002098083496e-01
4.719363152980804443e-01 5.280637145042419434e-01
2.729813754558563232e-01 7.270186543464660645e-01
4.742425382137298584e-01 5.257574915885925293e-01
6.697231531143188477e-01 3.302768468856811523e-01
6.048843264579772949e-01 3.951156735420227051e-01
7.075078487396240234e-01 2.924921512603759766e-01
6.238499283790588379e-01 3.761500716209411621e-01
6.705613136291503906e-01 3.294387161731719971e-01
5.099418759346008301e-01 4.900581538677215576e-01
8.463434875011444092e-02 9.153656363487243652e-01
4.910865724086761475e-01 5.089134573936462402e-01
6.607534289360046387e-01 3.392465412616729736e-01
5.870661735534667969e-01 4.129338562488555908e-01
5.901560783386230469e-01 4.098438918590545654e-01
1.567430198192596436e-01 8.432570099830627441e-01
3.387939929962158203e-01 6.612060070037841797e-01
6.873454451560974121e-01 3.126545548439025879e-01
2.763165533542633057e-01 7.236834764480590820e-01
8.033444881439208984e-01 1.966555416584014893e-01
9.017980843782424927e-02 9.098201990127563477e-01
2.668226957321166992e-01 7.331773042678833008e-01
5.479454994201660156e-01 4.520545005798339844e-01
4.085720181465148926e-01 5.914279818534851074e-01
6.570574045181274414e-01 3.429425954818725586e-01
1.159564629197120667e-01 8.840435147285461426e-01
5.338588953018188477e-01 4.661411345005035400e-01
7.667377591133117676e-01 2.332622110843658447e-01
5.518588423728942871e-01 4.481411576271057129e-01
4.490561485290527344e-01 5.509438514709472656e-01
5.160856842994689941e-01 4.839143157005310059e-01
8.620610833168029785e-01 1.379389315843582153e-01
6.983634233474731445e-01 3.016365468502044678e-01
5.642721056938171387e-01 4.357278943061828613e-01
5.392093062400817871e-01 4.607907235622406006e-01
6.749711632728576660e-01 3.250288367271423340e-01
5.182660222053527832e-01 4.817339479923248291e-01
2.463224828243255615e-01 7.536774873733520508e-01
5.311707258224487305e-01 4.688292443752288818e-01
2.199629694223403931e-01 7.800370454788208008e-01
6.974152326583862305e-01 3.025847375392913818e-01
1.750030219554901123e-01 8.249969482421875000e-01
6.227014064788818359e-01 3.772986233234405518e-01
5.470025539398193359e-01 4.529974162578582764e-01
5.268715620040893555e-01 4.731284379959106445e-01
4.974277913570404053e-01 5.025722384452819824e-01
2.594163119792938232e-01 7.405837178230285645e-01
4.153419137001037598e-01 5.846580862998962402e-01
5.642721056938171387e-01 4.357278943061828613e-01
5.806380510330200195e-01 4.193619787693023682e-01
5.145939588546752930e-01 4.854060709476470947e-01
2.337910532951354980e-01 7.662089467048645020e-01
3.709456920623779297e-01 6.290543079376220703e-01
5.942378640174865723e-01 4.057621359825134277e-01
6.536607742309570312e-01 3.463392257690429688e-01
3.267318308353424072e-01 6.732681989669799805e-01
2.952348589897155762e-01 7.047651410102844238e-01
4.435423016548156738e-01 5.564576983451843262e-01
9.013994783163070679e-02 9.098600745201110840e-01
8.378822207450866699e-01 1.621177792549133301e-01
4.634628295898437500e-01 5.365371704101562500e-01
6.234194040298461914e-01 3.765806257724761963e-01
8.170054554939270020e-01 1.829945594072341919e-01
9.366537630558013916e-02 9.063346385955810547e-01
4.677270650863647461e-01 5.322729349136352539e-01
5.741081833839416504e-01 4.258918464183807373e-01
7.332109808921813965e-01 2.667890191078186035e-01
2.072619050741195679e-01 7.927380800247192383e-01
4.611259102821350098e-01 5.388740897178649902e-01
6.816935539245605469e-01 3.183064460754394531e-01
5.331943035125732422e-01 4.668056666851043701e-01
5.723180174827575684e-01 4.276819527149200439e-01
5.249137878417968750e-01 4.750862419605255127e-01
3.076943457126617432e-01 6.923056840896606445e-01
2.744140923023223877e-01 7.255858778953552246e-01
4.032891988754272461e-01 5.967108011245727539e-01
3.377262055873870850e-01 6.622738242149353027e-01
8.891409635543823242e-01 1.108590289950370789e-01
6.481606960296630859e-01 3.518393039703369141e-01
1.089540496468544006e-01 8.910459280014038086e-01
5.167779444061763384e-18 1.000000000000000000e+00
6.921606659889221191e-01 3.078393638134002686e-01
7.248491644859313965e-01 2.751508057117462158e-01
7.664611935615539551e-02 9.233539104461669922e-01
3.023317158222198486e-01 6.976683139801025391e-01
5.171380043029785156e-01 4.828619956970214844e-01
7.351468205451965332e-01 2.648532092571258545e-01
5.642721056938171387e-01 4.357278943061828613e-01
3.514129519462585449e-01 6.485870480537414551e-01
5.207655429840087891e-01 4.792344570159912109e-01
1.761765331029891968e-01 8.238234519958496094e-01
4.363172054290771484e-01 5.636827945709228516e-01
6.003278493881225586e-01 3.996721506118774414e-01
6.423190236091613770e-01 3.576809465885162354e-01
4.719381034374237061e-01 5.280619263648986816e-01
6.634441018104553223e-01 3.365558981895446777e-01
6.944978833198547363e-01 3.055021166801452637e-01
4.991372823715209961e-01 5.008627176284790039e-01
1.781265288591384888e-01 8.218734860420227051e-01
5.987774133682250977e-01 4.012226164340972900e-01
5.574991106986999512e-01 4.425008594989776611e-01
3.511081933975219727e-01 6.488918066024780273e-01
5.445115566253662109e-01 4.554884433746337891e-01
6.362383961677551270e-01 3.637615740299224854e-01
7.119819521903991699e-01 2.880180478096008301e-01
3.018758893013000488e-01 6.981241106986999512e-01
4.827215075492858887e-01 5.172784924507141113e-01
2.129909992218017578e-01 7.870090007781982422e-01
4.726406335830688477e-01 5.273593664169311523e-01
1.851960867643356323e-01 8.148038983345031738e-01
4.605077803134918213e-01 5.394921898841857910e-01
5.784026980400085449e-01 4.215972721576690674e-01
6.937641501426696777e-01 3.062358498573303223e-01
7.196934819221496582e-01 2.803065180778503418e-01
6.722738146781921387e-01 3.277262151241302490e-01
4.879134893417358398e-01 5.120865106582641602e-01
7.648993730545043945e-01 2.351006269454956055e-01
6.944930553436279297e-01 3.055069148540496826e-01
2.888950109481811523e-01 7.111049890518188477e-01
4.568056762218475342e-01 5.431942939758300781e-01
5.127971768379211426e-01 4.872027933597564697e-01
3.839186429977416992e-01 6.160813570022583008e-01
5.958587527275085449e-01 4.041412174701690674e-01
3.127714395523071289e-01 6.872285604476928711e-01
2.325490564107894897e-01 7.674509286880493164e-01
8.724197745323181152e-01 1.275802403688430786e-01
4.704046249389648438e-01 5.295953750610351562e-01
5.649818181991577148e-01 4.350182116031646729e-01
4.429074823856353760e-01 5.570924878120422363e-01
7.119749188423156738e-01 2.880250513553619385e-01
4.554167687892913818e-01 5.445832014083862305e-01
9.031337499618530273e-01 9.686623513698577881e-02
3.071644306182861328e-01 6.928355693817138672e-01
6.629993319511413574e-01 3.370006382465362549e-01
4.369092285633087158e-01 5.630908012390136719e-01
4.434296488761901855e-01 5.565703511238098145e-01
4.826796352863311768e-01 5.173203945159912109e-01
6.926366090774536133e-01 3.073633909225463867e-01
5.874758958816528320e-01 4.125241339206695557e-01
1.225708499550819397e-01 8.774291276931762695e-01
5.733438730239868164e-01 4.266560971736907959e-01
7.069602012634277344e-01 2.930397987365722656e-01
7.361537218093872070e-01 2.638462781906127930e-01
1.670810282230377197e-01 8.329190015792846680e-01
1.740101426839828491e-01 8.259898424148559570e-01
5.716176033020019531e-01 4.283824265003204346e-01
5.642721056938171387e-01 4.357278943061828613e-01
5.642721056938171387e-01 4.357278943061828613e-01
2.445372939109802246e-01 7.554627060890197754e-01
5.716894268989562988e-01 4.283105432987213135e-01
6.024224758148193359e-01 3.975775539875030518e-01
1.639088094234466553e-01 8.360911607742309570e-01
4.454518556594848633e-01 5.545481443405151367e-01
6.392182111740112305e-01 3.607817888259887695e-01
6.449780464172363281e-01 3.550219237804412842e-01
4.161480665206909180e-01 5.838519334793090820e-01
3.731463551521301270e-01 6.268536448478698730e-01
4.942555427551269531e-01 5.057444572448730469e-01
5.476559400558471680e-01 4.523440897464752197e-01
2.544061839580535889e-01 7.455938458442687988e-01
1.211335957050323486e-01 8.788663744926452637e-01
4.775463640689849854e-01 5.224536657333374023e-01
5.994443297386169434e-01 4.005556404590606689e-01
1.749208718538284302e-01 8.250791430473327637e-01
4.571406245231628418e-01 5.428593754768371582e-01
1.428802013397216797e-01 8.571197986602783203e-01
3.708916902542114258e-01 6.291083097457885742e-01
7.609866261482238770e-01 2.390133887529373169e-01
5.914062857627868652e-01 4.085937142372131348e-01
4.253833889961242676e-01 5.746166110038757324e-01
2.689451575279235840e-01 7.310548424720764160e-01
5.956901907920837402e-01 4.043098092079162598e-01
4.482277929782867432e-01 5.517721772193908691e-01
5.018643140792846680e-01 4.981357157230377197e-01
2.992337346076965332e-01 7.007662653923034668e-01
5.636999011039733887e-01 4.363000690937042236e-01
6.688092947006225586e-01 3.311907052993774414e-01
2.676550149917602539e-01 7.323449850082397461e-01
1.992237120866775513e-01 8.007763028144836426e-01
6.128361225128173828e-01 3.871639072895050049e-01
6.945875883102416992e-01 3.054124116897583008e-01
5.666260719299316406e-01 4.333738982677459717e-01
5.933699607849121094e-01 4.066300392150878906e-01
1.157850548624992371e-01 8.842149376869201660e-01
4.743221104145050049e-01 5.256779193878173828e-01
4.155473113059997559e-01 5.844526886940002441e-01
3.315694332122802734e-01 6.684305667877197266e-01
6.836786270141601562e-01 3.163214027881622314e-01
4.673948884010314941e-01 5.326051115989685059e-01
3.737679719924926758e-01 6.262320280075073242e-01
5.642721056938171387e-01 4.357278943061828613e-01
7.015087604522705078e-01 2.984912097454071045e-01
4.087810516357421875e-01 5.912189483642578125e-01
5.203697085380554199e-01 4.796302914619445801e-01
5.485817193984985352e-01 4.514182507991790771e-01
2.880735993385314941e-01 7.119264006614685059e-01
1.100799664855003357e-01 8.899200558662414551e-01
6.361632943153381348e-01 3.638367056846618652e-01
1.764958649873733521e-01 8.235041499137878418e-01
6.128064990043640137e-01 3.871935307979583740e-01
6.815342307090759277e-01 3.184657990932464600e-01
4.157681763172149658e-01 5.842318534851074219e-01
4.668735861778259277e-01 5.331264138221740723e-01
4.695504009723663330e-01 5.304495692253112793e-01
3.223003447055816650e-01 6.776996254920959473e-01
6.310954689979553223e-01 3.689045608043670654e-01
6.844019293785095215e-01 3.155980706214904785e-01
1.321383118629455566e-01 8.678616881370544434e-01
1.684401631355285645e-01 8.315598368644714355e-01
4.158053696155548096e-01 5.841946601867675781e-01
8.785071372985839844e-01 1.214928776025772095e-01
5.891486406326293945e-01 4.108513593673706055e-01
7.163812518119812012e-01 2.836187779903411865e-01
7.627352476119995117e-01 2.372647523880004883e-01
3.746736049652099609e-01 6.253263950347900391e-01
3.617027699947357178e-01 6.382972598075866699e-01
5.642721056938171387e-01 4.357278943061828613e-01
7.245112061500549316e-01 2.754888236522674561e-01
5.923320651054382324e-01 4.076679348945617676e-01
5.408149361610412598e-01 4.591850638389587402e-01
2.337209731340408325e-01 7.662790417671203613e-01
5.717715620994567871e-01 4.282284379005432129e-01
7.414152622222900391e-01 2.585847377777099609e-01
7.161923050880432129e-01 2.838076949119567871e-01
5.960952043533325195e-01 4.039047956466674805e-01
9.638009220361709595e-02 9.036198854446411133e-01
6.699715256690979004e-01 3.300284743309020996e-01
4.293879866600036621e-01 5.706120133399963379e-01
2.366505414247512817e-01 7.633494734764099121e-01
5.015544295310974121e-01 4.984455406665802002e-01
5.077002048492431641e-01 4.922997653484344482e-01
7.647025585174560547e-01 2.352974414825439453e-01
2.134171128273010254e-01 7.865828871726989746e-01
4.699568450450897217e-01 5.300431251525878906e-01
2.098527401685714722e-01 7.901472449302673340e-01
5.451219677925109863e-01 4.548780620098114014e-01
4.667436182498931885e-01 5.332564115524291992e-01
5.522572398185729980e-01 4.477427899837493896e-01
6.837066411972045898e-01 3.162933588027954102e-01
5.431100130081176758e-01 4.568899571895599365e-01
2.438220083713531494e-01 7.561780214309692383e-01
3.438595533370971680e-01 6.561404466629028320e-01
3.842228651046752930e-01 6.157771348953247070e-01
5.642721056938171387e-01 4.357278943061828613e-01
1.626922190189361572e-01 8.373078107833862305e-01
4.427939355373382568e-01 5.572060346603393555e-01
1.836844980716705322e-01 8.163155317306518555e-01
5.027374029159545898e-01 4.972625672817230225e-01
5.052264332771301270e-01 4.947735369205474854e-01
6.159435510635375977e-01 3.840564489364624023e-01
2.759658992290496826e-01 7.240340709686279297e-01
6.451752781867980957e-01 3.548246920108795166e-01
5.576497316360473633e-01 4.423502981662750244e-01
6.440932750701904297e-01 3.559067547321319580e-01
4.567714333534240723e-01 5.432285666465759277e-01
5.742980837821960449e-01 4.257019162178039551e-01
2.735649943351745605e-01 7.264350056648254395e-01
3.752044439315795898e-01 6.247955560684204102e-01
1.095493584871292114e-01 8.904506564140319824e-01
6.823306083679199219e-01 3.176694214344024658e-01
4.637526869773864746e-01 5.362473130226135254e-01
6.794146895408630371e-01 3.205852806568145752e-01
5.702034235000610352e-01 4.297965764999389648e-01
2.365636378526687622e-01 7.634363770484924316e-01
3.741844892501831055e-01 6.258155107498168945e-01
4.822999835014343262e-01 5.177000164985656738e-01
5.113109350204467773e-01 4.886890649795532227e-01
2.405914068222045898e-01 7.594085931777954102e-01
3.355327844619750977e-01 6.644672155380249023e-01
6.173943281173706055e-01 3.826056420803070068e-01
4.842716753482818604e-01 5.157283544540405273e-01
6.757293343544006348e-01 3.242706358432769775e-01
6.251537799835205078e-01 3.748462200164794922e-01
3.979901075363159180e-01 6.020098924636840820e-01
5.642721056938171387e-01 4.357278943061828613e-01
2.716054320335388184e-01 7.283945679664611816e-01
3.235487639904022217e-01 6.764512062072753906e-01
7.141715288162231445e-01 2.858284413814544678e-01
3.931385874748229980e-01 6.068614125251770020e-01
6.115587353706359863e-01 3.884412348270416260e-01
7.086144089698791504e-01 2.913855910301208496e-01
5.642721056938171387e-01 4.357278943061828613e-01
2.820208072662353516e-01 7.179791927337646484e-01
7.801419496536254883e-01 2.198580503463745117e-01
5.868801474571228027e-01 4.131198525428771973e-01
5.642721056938171387e-01 4.357278943061828613e-01
6.433914899826049805e-01 3.566085100173950195e-01
6.057211756706237793e-01 3.942788243293762207e-01
7.756934165954589844e-01 2.243066132068634033e-01
5.719992518424987793e-01 4.280007779598236084e-01
7.214490771293640137e-01 2.785509526729583740e-01
2.049430161714553833e-01 7.950569987297058105e-01
5.174546241760253906e-01 4.825453758239746094e-01
7.292191982269287109e-01 2.707808315753936768e-01
7.198927998542785645e-01 2.801071703433990479e-01
6.865678429603576660e-01 3.134321272373199463e-01
7.024255990982055664e-01 2.975744009017944336e-01
4.098644554615020752e-01 5.901355743408203125e-01
7.879081964492797852e-01 2.120918184518814087e-01
5.522572398185729980e-01 4.477427899837493896e-01
7.898335456848144531e-01 2.101664841175079346e-01
3.804363310337066650e-01 6.195636391639709473e-01
5.382181406021118164e-01 4.617818593978881836e-01
8.174175620079040527e-01 1.825824677944183350e-01
4.799577891826629639e-01 5.200421810150146484e-01
6.762934327125549316e-01 3.237065672874450684e-01
3.409099280834197998e-01 6.590900421142578125e-01
3.577477633953094482e-01 6.422522068023681641e-01
4.041508734226226807e-01 5.958490967750549316e-01
4.434849023818969727e-01 5.565150976181030273e-01
5.642721056938171387e-01 4.357278943061828613e-01
4.114988446235656738e-01 5.885011553764343262e-01
4.793165028095245361e-01 5.206834673881530762e-01
6.079480648040771484e-01 3.920519351959228516e-01
4.194023907184600830e-01 5.805975794792175293e-01
5.263243317604064941e-01 4.736756384372711182e-01
6.168561577796936035e-01 3.831438422203063965e-01
5.560523271560668945e-01 4.439476430416107178e-01
7.061993479728698730e-01 2.938006520271301270e-01
5.161754488945007324e-01 4.838245511054992676e-01
6.155635714530944824e-01 3.844364583492279053e-01
7.344485074281692505e-02 9.265551567077636719e-01
6.525303721427917480e-01 3.474696278572082520e-01
6.225152015686035156e-01 3.774847686290740967e-01
6.629181504249572754e-01 3.370818197727203369e-01
7.571657299995422363e-01 2.428342401981353760e-01
5.103483796119689941e-01 4.896515905857086182e-01
8.885008841753005981e-02 9.111499190330505371e-01
1.768360882997512817e-01 8.231639266014099121e-01
2.602637708187103271e-01 7.397362589836120605e-01
7.330402731895446777e-01 2.669597268104553223e-01
4.277544915676116943e-01 5.722455382347106934e-01
7.073925733566284180e-01 2.926073968410491943e-01
5.790831446647644043e-01 4.209168255329132080e-01
7.563991546630859375e-01 2.436008304357528687e-01
3.408309817314147949e-01 6.591690182685852051e-01
5.483126044273376465e-01 4.516873955726623535e-01
4.370674192905426025e-01 5.629326105117797852e-01
8.973156660795211792e-02 9.102684259414672852e-01
7.635986804962158203e-01 2.364013046026229858e-01
2.874728441238403320e-01 7.125271558761596680e-01
1.012804955244064331e-01 8.987194895744323730e-01
7.452950477600097656e-01 2.547049522399902344e-01
5.649460852146148682e-02 9.435054063796997070e-01
6.713606119155883789e-01 3.286394178867340088e-01
7.785348296165466309e-01 2.214652001857757568e-01
2.942839860916137695e-01 7.057160139083862305e-01
5.928500294685363770e-01 4.071500003337860107e-01
7.072571516036987305e-01 2.927428185939788818e-01
3.994598686695098877e-01 6.005401015281677246e-01
8.307776600122451782e-02 9.169222116470336914e-01
4.978410899639129639e-01 5.021589398384094238e-01
5.650703907012939453e-01 4.349296391010284424e-01
4.110170304775238037e-01 5.889829993247985840e-01
4.765516221523284912e-01 5.234483480453491211e-01
2.817874550819396973e-01 7.182125449180603027e-01
6.513667702674865723e-01 3.486331999301910400e-01
2.904054224491119385e-01 7.095945477485656738e-01
3.724981546401977539e-01 6.275018453598022461e-01
4.995564743876457214e-02 9.500443339347839355e-01
3.026547431945800781e-01 6.973452568054199219e-01
5.465089678764343262e-01 4.534910321235656738e-01
2.539825439453125000e-01 7.460174560546875000e-01
7.172741293907165527e-01 2.827259004116058350e-01
6.647137999534606934e-01 3.352861702442169189e-01
4.394096732139587402e-01 5.605903267860412598e-01
7.604752182960510254e-01 2.395247966051101685e-01
7.961902618408203125e-01 2.038097232580184937e-01
5.332953333854675293e-01 4.667046666145324707e-01
3.640809655189514160e-01 6.359190344810485840e-01
1.865860819816589355e-01 8.134139180183410645e-01
2.209802567958831787e-01 7.790197134017944336e-01
3.903516829013824463e-01 6.096482872962951660e-01
4.494485855102539062e-01 5.505514144897460938e-01
6.424309015274047852e-01 3.575691282749176025e-01
5.945843458175659180e-01 4.054156243801116943e-01
4.782514870166778564e-01 5.217485427856445312e-01
6.816550493240356445e-01 3.183449506759643555e-01
3.291714787483215332e-01 6.708285212516784668e-01
4.242274165153503418e-01 5.757725834846496582e-01
8.639171123504638672e-01 1.360829025506973267e-01
2.600152790546417236e-01 7.399847507476806641e-01
6.772920489311218262e-01 3.227079510688781738e-01
5.108710527420043945e-01 4.891289472579956055e-01
5.993161797523498535e-01 4.006838202476501465e-01
5.520850419998168945e-01 4.479149281978607178e-01
6.870362162590026855e-01 3.129637539386749268e-01
4.969179332256317139e-01 5.030820369720458984e-01
2.252624630928039551e-01 7.747375369071960449e-01
2.095241695642471313e-01 7.904758453369140625e-01
7.379844784736633301e-01 2.620154917240142822e-01
7.540730834007263184e-01 2.459269016981124878e-01
7.796661257743835449e-01 2.203338444232940674e-01
4.478991031646728516e-01 5.521008968353271484e-01
6.212232708930969238e-01 3.787767291069030762e-01
1.761765331029891968e-01 8.238234519958496094e-01
6.648194193840026855e-01 3.351805508136749268e-01
5.642721056938171387e-01 4.357278943061828613e-01
4.775294065475463867e-01 5.224705934524536133e-01
2.089726626873016357e-01 7.910273671150207520e-01
1.673958003520965576e-01 8.326041698455810547e-01
1.508038938045501709e-01 8.491961359977722168e-01
5.103389024734497070e-01 4.896610975265502930e-01
4.468835592269897461e-01 5.531164407730102539e-01
6.469186544418334961e-01 3.530813157558441162e-01
5.466091036796569824e-01 4.533908963203430176e-01
6.640222668647766113e-01 3.359777331352233887e-01
4.533904194831848145e-01 5.466095805168151855e-01
6.371584534645080566e-01 3.628415465354919434e-01
5.539392828941345215e-01 4.460607171058654785e-01
1.761765331029891968e-01 8.238234519958496094e-01
6.531872749328613281e-01 3.468127250671386719e-01
6.655167341232299805e-01 3.344832658767700195e-01
5.642721056938171387e-01 4.357278943061828613e-01
6.976248621940612793e-01 3.023751378059387207e-01
8.282539248466491699e-01 1.717461049556732178e-01
2.286598831415176392e-01 7.713401317596435547e-01
3.182550072669982910e-01 6.817449927330017090e-01
4.171902835369110107e-01 5.828097462654113770e-01
4.406723678112030029e-01 5.593276619911193848e-01
6.027971506118774414e-01 3.972028791904449463e-01
8.014424890279769897e-02 9.198557734489440918e-01
1.640916317701339722e-01 8.359083533287048340e-01
8.015266060829162598e-01 1.984733641147613525e-01
7.141157984733581543e-02 9.285883903503417969e-01
7.407670021057128906e-01 2.592329680919647217e-01
4.622220098972320557e-01 5.377779603004455566e-01
1.761765331029891968e-01 8.238234519958496094e-01
6.732123494148254395e-01 3.267876505851745605e-01
3.602109551429748535e-01 6.397890448570251465e-01
5.760724544525146484e-01 4.239275753498077393e-01
5.115596652030944824e-01 4.884403049945831299e-01
4.419334828853607178e-01 5.580664873123168945e-01
6.449966430664062500e-01 3.550033867359161377e-01
7.440643906593322754e-01 2.559356391429901123e-01
4.637044370174407959e-01 5.362955331802368164e-01
6.470664739608764648e-01 3.529335260391235352e-01
7.248828411102294922e-01 2.751171290874481201e-01
7.580701112747192383e-01 2.419299185276031494e-01
2.231238037347793579e-01 7.768762111663818359e-01
6.347850561141967773e-01 3.652149140834808350e-01
5.452003479003906250e-01 4.547996520996093750e-01
3.387266099452972412e-01 6.612733602523803711e-01
5.432504415512084961e-02 9.456749558448791504e-01
6.871987581253051758e-01 3.128012418746948242e-01
5.715131163597106934e-01 4.284868836402893066e-01
6.900097131729125977e-01 3.099902868270874023e-01
7.875842452049255371e-01 2.124157696962356567e-01
5.570864677429199219e-01 4.429135620594024658e-01
6.840715408325195312e-01 3.159284889698028564e-01
5.647658109664916992e-01 4.352341890335083008e-01
4.344227910041809082e-01 5.655772089958190918e-01
4.018820524215698242e-01 5.981179475784301758e-01
5.512048006057739258e-01 4.487952291965484619e-01
4.380172491073608398e-01 5.619827508926391602e-01
4.399025142192840576e-01 5.600974559783935547e-01
2.969710528850555420e-01 7.030289173126220703e-01
6.025128960609436035e-01 3.974871337413787842e-01
5.818976163864135742e-01 4.181024134159088135e-01
2.771467268466949463e-01 7.228533029556274414e-01
2.068025618791580200e-01 7.931974530220031738e-01
7.987124323844909668e-01 2.012875378131866455e-01
8.735583424568176270e-01 1.264416575431823730e-01
6.645419597625732422e-01 3.354580402374267578e-01
5.642721056938171387e-01 4.357278943061828613e-01
6.284210681915283203e-01 3.715789616107940674e-01
7.948496937751770020e-01 2.051503062248229980e-01
5.000189542770385742e-01 4.999810457229614258e-01
3.483994901180267334e-01 6.516005396842956543e-01
5.719407200813293457e-01 4.280592799186706543e-01
1.761765331029891968e-01 8.238234519958496094e-01
6.542365550994873047e-01 3.457634747028350830e-01
1.040738597512245178e-01 8.959261178970336914e-01
9.175441861152648926e-01 8.245582133531570435e-02
7.536540627479553223e-01 2.463459223508834839e-01
5.642721056938171387e-01 4.357278943061828613e-01
8.905727267265319824e-01 1.094272509217262268e-01
5.642721056938171387e-01 4.357278943061828613e-01
8.108643293380737305e-01 1.891356855630874634e-01
6.073228120803833008e-01 3.926771879196166992e-01
2.961866259574890137e-01 7.038133740425109863e-01
3.371557295322418213e-01 6.628442406654357910e-01
1.549105048179626465e-01 8.450894951820373535e-01
5.867434144020080566e-01 4.132566154003143311e-01
3.643743991851806641e-01 6.356256008148193359e-01
5.642721056938171387e-01 4.357278943061828613e-01
1.462232321500778198e-01 8.537767529487609863e-01
4.266676902770996094e-01 5.733323097229003906e-01
5.333120226860046387e-01 4.666879475116729736e-01
7.385742664337158203e-01 2.614257037639617920e-01
3.316416740417480469e-01 6.683583259582519531e-01
7.609863877296447754e-01 2.390136122703552246e-01
6.733363866806030273e-01 3.266636431217193604e-01
7.234938740730285645e-01 2.765061259269714355e-01
8.281962871551513672e-01 1.718036979436874390e-01
5.660201311111450195e-01 4.339798390865325928e-01
9.416829943656921387e-01 5.831697955727577209e-02
4.915388226509094238e-01 5.084611773490905762e-01
6.904463171958923340e-01 3.095536828041076660e-01
5.788080096244812012e-01 4.211919903755187988e-01
7.733823060989379883e-01 2.266177088022232056e-01
6.016941666603088379e-01 3.983058035373687744e-01
5.787186026573181152e-01 4.212813675403594971e-01
4.995043575763702393e-01 5.004956126213073730e-01
7.809924483299255371e-01 2.190075367689132690e-01
5.047090649604797363e-01 4.952909648418426514e-01
4.557275176048278809e-01 5.442724823951721191e-01
2.210718542337417603e-01 7.789281606674194336e-01
4.358012974262237549e-01 5.641986727714538574e-01
8.862468600273132324e-01 1.137531548738479614e-01
2.694596648216247559e-01 7.305403351783752441e-01
5.439127087593078613e-01 4.560873210430145264e-01
3.944899737834930420e-01 6.055100560188293457e-01
4.223196208477020264e-01 5.776804089546203613e-01
4.293019473552703857e-01 5.706980824470520020e-01
5.165890455245971680e-01 4.834109544754028320e-01
2.523690164089202881e-01 7.476309537887573242e-01
6.595130562782287598e-01 3.404869437217712402e-01
6.066678762435913086e-01 3.933321237564086914e-01
5.642721056938171387e-01 4.357278943061828613e-01
5.712020993232727051e-01 4.287979006767272949e-01
3.654040098190307617e-01 6.345959901809692383e-01
4.611948430538177490e-01 5.388051271438598633e-01
3.812450766563415527e-01 6.187549233436584473e-01
5.614488124847412109e-01 4.385511875152587891e-01
5.232011675834655762e-01 4.767988026142120361e-01
5.606733560562133789e-01 4.393266439437866211e-01
5.867431163787841797e-01 4.132568836212158203e-01
6.434310674667358398e-01 3.565689325332641602e-01
5.119180679321289062e-01 4.880819320678710938e-01
6.855537891387939453e-01 3.144461810588836670e-01
1.438615769147872925e-01 8.561384081840515137e-01
7.016100287437438965e-01 2.983899712562561035e-01
7.478652149438858032e-02 9.252134561538696289e-01
8.236336112022399902e-01 1.763663887977600098e-01
2.497327625751495361e-01 7.502672672271728516e-01
7.621477246284484863e-01 2.378522604703903198e-01
5.708361864089965820e-01 4.291637837886810303e-01
5.311891436576843262e-01 4.688108563423156738e-01
5.642721056938171387e-01 4.357278943061828613e-01
5.686070919036865234e-01 4.313929080963134766e-01
5.355448722839355469e-01 4.644551575183868408e-01
4.639184474945068359e-01 5.360815525054931641e-01
6.504169702529907227e-01 3.495830297470092773e-01
4.767764508724212646e-01 5.232235789299011230e-01
5.683661103248596191e-01 4.316339194774627686e-01
4.968082606792449951e-01 5.031917691230773926e-01
9.484021365642547607e-02 9.051597714424133301e-01
5.135900378227233887e-01 4.864099621772766113e-01
3.858583569526672363e-01 6.141416430473327637e-01
3.858931958675384521e-01 6.141067743301391602e-01
5.316601991653442383e-01 4.683397710323333740e-01
5.642721056938171387e-01 4.357278943061828613e-01
4.723340570926666260e-01 5.276659727096557617e-01
3.882519006729125977e-01 6.117480993270874023e-01
8.448902368545532227e-01 1.551097780466079712e-01
3.968105316162109375e-01 6.031894683837890625e-01
5.736614465713500977e-01 4.263385236263275146e-01
4.752542972564697266e-01 5.247457027435302734e-01
4.569992721080780029e-01 5.430007576942443848e-01
6.056247949600219727e-01 3.943752348423004150e-01
5.301661491394042969e-01 4.698338508605957031e-01
1.377922147512435913e-01 8.622077703475952148e-01
2.388620972633361816e-01 7.611379027366638184e-01
1.818404793739318848e-01 8.181595206260681152e-01
5.102216601371765137e-01 4.897783398628234863e-01
5.179427862167358398e-01 4.820572435855865479e-01
5.222864151000976562e-01 4.777136147022247314e-01
7.074062824249267578e-01 2.925936877727508545e-01
3.622051179409027100e-01 6.377948522567749023e-01
2.788695394992828369e-01 7.211304903030395508e-01
3.984314501285552979e-01 6.015685796737670898e-01
5.169689059257507324e-01 4.830310940742492676e-01
5.793901681900024414e-01 4.206098318099975586e-01
8.084923028945922852e-01 1.915077120065689087e-01
1.448665857315063477e-01 8.551334142684936523e-01
2.767673134803771973e-01 7.232326865196228027e-01
6.889960765838623047e-01 3.110039532184600830e-01
5.642721056938171387e-01 4.357278943061828613e-01
4.928708672523498535e-01 5.071291327476501465e-01
5.277236700057983398e-01 4.722763299942016602e-01
8.410040736198425293e-01 1.589959263801574707e-01
7.797725200653076172e-01 2.202274650335311890e-01
6.443449854850769043e-01 3.556550145149230957e-01
7.558082342147827148e-01 2.441917657852172852e-01
6.075940132141113281e-01 3.924059867858886719e-01
1.741690337657928467e-01 8.258309364318847656e-01
5.651539564132690430e-01 4.348460137844085693e-01
6.537111997604370117e-01 3.462887704372406006e-01
4.608160555362701416e-01 5.391839742660522461e-01
1.278035789728164673e-01 8.721964359283447266e-01
5.777900218963623047e-01 4.222100079059600830e-01
7.824161052703857422e-01 2.175839096307754517e-01
2.866095602512359619e-01 7.133904099464416504e-01
4.542460143566131592e-01 5.457540154457092285e-01
2.753198146820068359e-01 7.246801853179931641e-01
2.261774092912673950e-01 7.738226056098937988e-01
5.382181406021118164e-01 4.617818593978881836e-01
5.214239358901977539e-01 4.785760641098022461e-01
5.642721056938171387e-01 4.357278943061828613e-01
1.176650226116180420e-01 8.823350071907043457e-01
6.473110318183898926e-01 3.526889681816101074e-01
2.920726239681243896e-01 7.079274058341979980e-01
4.674965441226959229e-01 5.325034260749816895e-01
6.735110282897949219e-01 3.264890015125274658e-01
7.064906954765319824e-01 2.935093045234680176e-01
6.226155757904052734e-01 3.773844540119171143e-01
4.765574336051940918e-01 5.234425663948059082e-01
6.231501102447509766e-01 3.768498897552490234e-01
5.473857522010803223e-01 4.526142776012420654e-01
8.202064037322998047e-01 1.797936111688613892e-01
2.607871592044830322e-01 7.392128109931945801e-01
4.331069290637969971e-01 5.668931007385253906e-01
5.642721056938171387e-01 4.357278943061828613e-01
3.276664614677429199e-01 6.723335385322570801e-01
6.069185733795166016e-01 3.930814564228057861e-01
6.097702383995056152e-01 3.902297616004943848e-01
4.299126565456390381e-01 5.700873732566833496e-01
4.865306019783020020e-01 5.134693980216979980e-01
1.472310274839401245e-01 8.527689576148986816e-01
7.693601250648498535e-01 2.306398600339889526e-01
4.267193078994750977e-01 5.732806921005249023e-01
2.474779188632965088e-01 7.525220513343811035e-01
2.474242448806762695e-01 7.525757551193237305e-01
5.693561434745788574e-01 4.306438267230987549e-01
5.642721056938171387e-01 4.357278943061828613e-01
5.195576548576354980e-01 4.804423749446868896e-01
1.265654712915420532e-01 8.734345436096191406e-01
4.620314240455627441e-01 5.379685759544372559e-01
4.534512460231781006e-01 5.465487837791442871e-01
4.162153601646423340e-01 5.837846398353576660e-01
7.462542504072189331e-02 9.253745675086975098e-01
7.590758204460144043e-01 2.409241795539855957e-01
5.612533688545227051e-01 4.387466311454772949e-01
4.259061813354492188e-01 5.740938186645507812e-01
6.255179643630981445e-01 3.744820356369018555e-01
5.052801370620727539e-01 4.947198927402496338e-01
4.854165911674499512e-01 5.145834088325500488e-01
2.769102454185485840e-01 7.230897545814514160e-01
6.333273649215698242e-01 3.666726052761077881e-01
5.885485410690307617e-01 4.114514589309692383e-01
1.814537495374679565e-01 8.185462355613708496e-01
3.449501097202301025e-01 6.550499200820922852e-01
7.446047067642211914e-01 2.553952932357788086e-01
5.642721056938171387e-01 4.357278943061828613e-01
8.430730104446411133e-01 1.569270044565200806e-01
5.507417321205139160e-01 4.492582678794860840e-01
6.547479629516601562e-01 3.452520370483398438e-01
7.332246303558349609e-01 2.667753398418426514e-01
7.199464440345764160e-01 2.800535559654235840e-01
4.292892217636108398e-01 5.707107782363891602e-01
1.541007608175277710e-01 8.458992242813110352e-01
4.606254100799560547e-01 5.393745899200439453e-01
6.520872116088867188e-01 3.479127585887908936e-01
5.077002048492431641e-01 4.922997653484344482e-01
7.820386290550231934e-01 2.179613858461380005e-01
4.404508471488952637e-01 5.595491528511047363e-01
5.642721056938171387e-01 4.357278943061828613e-01
6.944384574890136719e-01 3.055615723133087158e-01
5.130165815353393555e-01 4.869834184646606445e-01
1.911489069461822510e-01 8.088510632514953613e-01
5.060685873031616211e-01 4.939314424991607666e-01
5.840262174606323242e-01 4.159737825393676758e-01
3.064994886517524719e-02 9.693500399589538574e-01
1.761765331029891968e-01 8.238234519958496094e-01
1.363105177879333496e-01 8.636894822120666504e-01
2.242924273014068604e-01 7.757076025009155273e-01
2.437639683485031128e-01 7.562360167503356934e-01
5.530240535736083984e-01 4.469759166240692139e-01
5.101245641708374023e-01 4.898754656314849854e-01
6.250478029251098633e-01 3.749521970748901367e-01
2.688719630241394043e-01 7.311280369758605957e-01
3.149517774581909180e-01 6.850482225418090820e-01
4.882648289203643799e-01 5.117351412773132324e-01
2.593993544578552246e-01 7.406006455421447754e-01
7.043427228927612305e-01 2.956572771072387695e-01
7.728549838066101074e-01 2.271450161933898926e-01
2.807699739933013916e-01 7.192299962043762207e-01
8.876343965530395508e-01 1.123656108975410461e-01
4.791899323463439941e-01 5.208100676536560059e-01
7.254230976104736328e-01 2.745769023895263672e-01
7.556775212287902832e-01 2.443224787712097168e-01
5.642721056938171387e-01 4.357278943061828613e-01
1.964745670557022095e-01 8.035254478454589844e-01
6.075260639190673828e-01 3.924739360809326172e-01
2.923498749732971191e-01 7.076501250267028809e-01
5.087212920188903809e-01 4.912787079811096191e-01
5.882862210273742676e-01 4.117138087749481201e-01
6.390225291252136230e-01 3.609774708747863770e-01
7.509443759918212891e-01 2.490556240081787109e-01
8.441738486289978027e-01 1.558261215686798096e-01
6.886633634567260742e-01 3.113366067409515381e-01
6.743253469467163086e-01 3.256746828556060791e-01
8.270864486694335938e-01 1.729135364294052124e-01
3.316416740417480469e-01 6.683583259582519531e-01
1.740141659975051880e-01 8.259858489036560059e-01
4.556670188903808594e-01 5.443329811096191406e-01
5.903497338294982910e-02 9.409650564193725586e-01
4.078428447246551514e-01 5.921571850776672363e-01
3.033870458602905273e-01 6.966129541397094727e-01
5.196513533592224121e-01 4.803486168384552002e-01
7.129099369049072266e-01 2.870900928974151611e-01
6.755877733230590820e-01 3.244121968746185303e-01
1.195553168654441833e-01 8.804447054862976074e-01
5.272369980812072754e-01 4.727630019187927246e-01
7.287807464599609375e-01 2.712192535400390625e-01
5.718672275543212891e-01 4.281327426433563232e-01
2.273084968328475952e-01 7.726914882659912109e-01
3.995084464550018311e-01 6.004915833473205566e-01
1.674696356058120728e-01 8.325303792953491211e-01
1.546917706727981567e-01 8.453082442283630371e-01
5.361379384994506836e-01 4.638620316982269287e-01
1.701680272817611694e-01 8.298319578170776367e-01
1.425822526216506958e-01 8.574177622795104980e-01
5.642721056938171387e-01 4.357278943061828613e-01
2.015025913715362549e-01 7.984974384307861328e-01
4.421529769897460938e-01 5.578470230102539062e-01
3.435478210449218750e-01 6.564521789550781250e-01
7.989329099655151367e-01 2.010670751333236694e-01
6.294301152229309082e-01 3.705699145793914795e-01
3.976692557334899902e-01 6.023307442665100098e-01
2.260103821754455566e-01 7.739896178245544434e-01
5.603870153427124023e-01 4.396129846572875977e-01
4.914496541023254395e-01 5.085503458976745605e-01
5.900883078575134277e-01 4.099117219448089600e-01
7.221075296401977539e-01 2.778924405574798584e-01
5.817856192588806152e-01 4.182143509387969971e-01
4.494635462760925293e-01 5.505364537239074707e-01
3.518629670143127441e-01 6.481370329856872559e-01
7.794606089591979980e-01 2.205394208431243896e-01
3.316416740417480469e-01 6.683583259582519531e-01
4.065212011337280273e-01 5.934787988662719727e-01
6.710677742958068848e-01 3.289322555065155029e-01
6.047166585922241211e-01 3.952833414077758789e-01
3.103556931018829346e-01 6.896443367004394531e-01
6.581804901361465454e-02 9.341819286346435547e-01
6.548894643783569336e-01 3.451105356216430664e-01
8.116769790649414062e-01 1.883229911327362061e-01
1.659591495990753174e-01 8.340408205986022949e-01
5.978410243988037109e-01 4.021589756011962891e-01
4.880362451076507568e-01 5.119637250900268555e-01
6.855504512786865234e-01 3.144495487213134766e-01
1.625190824270248413e-01 8.374809026718139648e-01
7.099373340606689453e-01 2.900626957416534424e-01
6.032589077949523926e-01 3.967410624027252197e-01
5.885620117187500000e-01 4.114379882812500000e-01
6.126765608787536621e-01 3.873234391212463379e-01
3.056600987911224365e-01 6.943398714065551758e-01
1.623437851667404175e-01 8.376561999320983887e-01
5.662105083465576172e-01 4.337894916534423828e-01
8.210616707801818848e-01 1.789383441209793091e-01
3.878498077392578125e-01 6.121501922607421875e-01
2.779553830623626709e-01 7.220445871353149414e-01
4.736803770065307617e-01 5.263196229934692383e-01
5.642721056938171387e-01 4.357278943061828613e-01
4.007647037506103516e-01 5.992352962493896484e-01
9.468255937099456787e-02 9.053174257278442383e-01
6.360644102096557617e-01 3.639355599880218506e-01
5.642721056938171387e-01 4.357278943061828613e-01
4.448705613613128662e-01 5.551294684410095215e-01
7.074062824249267578e-01 2.925936877727508545e-01
5.541054606437683105e-01 4.458945393562316895e-01
2.109485268592834473e-01 7.890514731407165527e-01
3.687864542007446289e-01 6.312135457992553711e-01
4.553362429141998291e-01 5.446637868881225586e-01
7.317476868629455566e-01 2.682523131370544434e-01
8.330830335617065430e-01 1.669169515371322632e-01
2.033332288265228271e-01 7.966668009757995605e-01
5.668018460273742676e-01 4.331981837749481201e-01
6.944825053215026855e-01 3.055174946784973145e-01
2.884269058704376221e-01 7.115731239318847656e-01
3.279290199279785156e-01 6.720709800720214844e-01
3.598229587078094482e-01 6.401770710945129395e-01
1.223924160003662109e-01 8.776075839996337891e-01
3.688012659549713135e-01 6.311987042427062988e-01
5.206519961357116699e-01 4.793480038642883301e-01
5.835457444190979004e-01 4.164542555809020996e-01
2.585678398609161377e-01 7.414321303367614746e-01
6.423365473747253418e-01 3.576634228229522705e-01
6.267910599708557129e-01 3.732089102268218994e-01
5.974960327148437500e-01 4.025039672851562500e-01
5.773544907569885254e-01 4.226455092430114746e-01
6.917165517807006836e-01 3.082834780216217041e-01
6.270964145660400391e-01 3.729035854339599609e-01
5.483877062797546387e-01 4.516123235225677490e-01
1.794185787439346313e-01 8.205814361572265625e-01
3.375136852264404297e-01 6.624863147735595703e-01
5.103389024734497070e-01 4.896610975265502930e-01
4.249994158744812012e-01 5.750005841255187988e-01
5.328868627548217773e-01 4.671131074428558350e-01
3.275955319404602051e-01 6.724044680595397949e-01
5.660052299499511719e-01 4.339947998523712158e-01
4.600098431110382080e-01 5.399901270866394043e-01
3.544266521930694580e-01 6.455733776092529297e-01
5.037888884544372559e-01 4.962110817432403564e-01
5.642721056938171387e-01 4.357278943061828613e-01
4.703914225101470947e-01 5.296086072921752930e-01
6.527200341224670410e-01 3.472799360752105713e-01
4.745555818080902100e-01 5.254443883895874023e-01
1.671439707279205322e-01 8.328559994697570801e-01
6.869050860404968262e-01 3.130948841571807861e-01
4.428012669086456299e-01 5.571987628936767578e-01
7.172458171844482422e-01 2.827541828155517578e-01
7.436892986297607422e-01 2.563107311725616455e-01
3.973178267478942871e-01 6.026821732521057129e-01
5.331540107727050781e-01 4.668459594249725342e-01
5.004348754882812500e-01 4.995651245117187500e-01
8.353992104530334473e-01 1.646007746458053589e-01
5.692741274833679199e-01 4.307259023189544678e-01
4.831472933292388916e-01 5.168527364730834961e-01
1.753372102975845337e-01 8.246628046035766602e-01
4.898554384708404541e-01 5.101445913314819336e-01
6.156342029571533203e-01 3.843658268451690674e-01
6.608409285545349121e-01 3.391590416431427002e-01
8.310261368751525879e-02 9.168974161148071289e-01
4.569992721080780029e-01 5.430007576942443848e-01
4.988956749439239502e-01 5.011042952537536621e-01
3.067169785499572754e-01 6.932830214500427246e-01
1.518789529800415039e-01 8.481210470199584961e-01
6.743478775024414062e-01 3.256521522998809814e-01
4.723340570926666260e-01 5.276659727096557617e-01
7.403526902198791504e-01 2.596472799777984619e-01
4.296889603137969971e-01 5.703110098838806152e-01
5.003260970115661621e-01 4.996739327907562256e-01
3.948841094970703125e-01 6.051158905029296875e-01
3.854831755161285400e-01 6.145168542861938477e-01
1.227758973836898804e-01 8.772240877151489258e-01
5.998592376708984375e-01 4.001407623291015625e-01
1.084979102015495300e-01 8.915020823478698730e-01
2.261294126510620117e-01 7.738705873489379883e-01
6.173186302185058594e-01 3.826813697814941406e-01
6.099017262458801270e-01 3.900982737541198730e-01
7.966412305831909180e-01 2.033587545156478882e-01
6.550816893577575684e-01 3.449183106422424316e-01
7.985825538635253906e-01 2.014174610376358032e-01
6.612208485603332520e-01 3.387791514396667480e-01
5.985270142555236816e-01 4.014729559421539307e-01
5.572854876518249512e-01 4.427145123481750488e-01
5.236312747001647949e-01 4.763687551021575928e-01
8.576560020446777344e-01 1.423439830541610718e-01
8.224366605281829834e-02 9.177563190460205078e-01
2.493770867586135864e-01 7.506229281425476074e-01
5.642721056938171387e-01 4.357278943061828613e-01
2.411985248327255249e-01 7.588014602661132812e-01
5.847522020339965820e-01 4.152478277683258057e-01
6.953501105308532715e-01 3.046499192714691162e-01
5.561887621879577637e-01 4.438112378120422363e-01
6.648771762847900391e-01 3.351227939128875732e-01
5.547522306442260742e-01 4.452477395534515381e-01
6.327223181724548340e-01 3.672776818275451660e-01
3.940453827381134033e-01 6.059545874595642090e-01
1.550176143646240234e-01 8.449823856353759766e-01
2.862326800823211670e-01 7.137672901153564453e-01
1.995866149663925171e-01 8.004133701324462891e-01
4.716968834400177002e-01 5.283030867576599121e-01
5.836023092269897461e-01 4.163977205753326416e-01
5.892342329025268555e-01 4.107657670974731445e-01
8.683758378028869629e-01 1.316241472959518433e-01
5.199151635169982910e-01 4.800848066806793213e-01
3.591755628585815430e-01 6.408244371414184570e-01
8.642500042915344238e-01 1.357499808073043823e-01
3.356588780879974365e-01 6.643410921096801758e-01
7.488780617713928223e-01 2.511219382286071777e-01
4.801346063613891602e-01 5.198653936386108398e-01
3.771524131298065186e-01 6.228476166725158691e-01
5.774961113929748535e-01 4.225038886070251465e-01
4.997818171977996826e-01 5.002181529998779297e-01
4.065462350845336914e-01 5.934537649154663086e-01
7.812517285346984863e-01 2.187482863664627075e-01
3.576324284076690674e-01 6.423675417900085449e-01
4.125212505459785461e-02 9.587478637695312500e-01
2.627643048763275146e-01 7.372357249259948730e-01
6.603654623031616211e-01 3.396345674991607666e-01
6.983335316181182861e-02 9.301666617393493652e-01
1.797968000173568726e-01 8.202031850814819336e-01
5.262994766235351562e-01 4.737005531787872314e-01
4.654964804649353027e-01 5.345035195350646973e-01
5.338984131813049316e-01 4.661015868186950684e-01
4.718623757362365723e-01 5.281376242637634277e-01
4.813923239707946777e-01 5.186076760292053223e-01
3.454534113407135010e-01 6.545466184616088867e-01
5.612405538558959961e-01 4.387594163417816162e-01
2.738291621208190918e-01 7.261708378791809082e-01
5.015771389007568359e-01 4.984228610992431641e-01
5.285313129425048828e-01 4.714686572551727295e-01
4.659458100795745850e-01 5.340541601181030273e-01
3.567803502082824707e-01 6.432196497917175293e-01
5.642721056938171387e-01 4.357278943061828613e-01
4.696058630943298340e-01 5.303941369056701660e-01
7.829238176345825195e-01 2.170761674642562866e-01
4.040058255195617676e-01 5.959941744804382324e-01
6.704102754592895508e-01 3.295897245407104492e-01
5.317609906196594238e-01 4.682390391826629639e-01
4.762975871562957764e-01 5.237023830413818359e-01
5.747072696685791016e-01 4.252927005290985107e-01
5.438551902770996094e-01 4.561447799205780029e-01
6.119399070739746094e-01 3.880600631237030029e-01
7.585080862045288086e-01 2.414919435977935791e-01
3.036904931068420410e-01 6.963095068931579590e-01
2.966831028461456299e-01 7.033169269561767578e-01
4.505161643028259277e-01 5.494838356971740723e-01
7.484471797943115234e-01 2.515528202056884766e-01
7.362302541732788086e-01 2.637697756290435791e-01
8.239770531654357910e-01 1.760229468345642090e-01
5.865600705146789551e-01 4.134399294853210449e-01
5.109444260597229004e-01 4.890555739402770996e-01
5.252242684364318848e-01 4.747757017612457275e-01
5.882030129432678223e-01 4.117969870567321777e-01
8.507236242294311523e-01 1.492763757705688477e-01
6.477347612380981445e-01 3.522652387619018555e-01
1.576098799705505371e-01 8.423901200294494629e-01
5.063312649726867676e-01 4.936687350273132324e-01
3.441145718097686768e-01 6.558853983879089355e-01
7.733073830604553223e-01 2.266926318407058716e-01
5.642721056938171387e-01 4.357278943061828613e-01
2.255869060754776001e-01 7.744131088256835938e-01
7.596592307090759277e-01 2.403407841920852661e-01
3.691271543502807617e-01 6.308728456497192383e-01
5.541626811027526855e-01 4.458373188972473145e-01
5.137958526611328125e-01 4.862041473388671875e-01
3.845381736755371094e-01 6.154618263244628906e-01
6.319565773010253906e-01 3.680434525012969971e-01
3.615834936499595642e-02 9.638416767120361328e-01
6.315294504165649414e-01 3.684705793857574463e-01
9.623107910156250000e-01 3.768918663263320923e-02
6.404975652694702148e-01 3.595024347305297852e-01
5.911342501640319824e-01 4.088657200336456299e-01
6.553265452384948730e-01 3.446734249591827393e-01
7.647262215614318848e-01 2.352737784385681152e-01
1.776055246591567993e-01 8.223944902420043945e-01
3.047555088996887207e-01 6.952444911003112793e-01
3.115427792072296143e-01 6.884571909904479980e-01
3.954300880432128906e-01 6.045699119567871094e-01
1.761765331029891968e-01 8.238234519958496094e-01
5.207246541976928711e-01 4.792753159999847412e-01
6.971841454505920410e-01 3.028158843517303467e-01
6.469186544418334961e-01 3.530813157558441162e-01
3.864904940128326416e-01 6.135095357894897461e-01
4.977969229221343994e-01 5.022030472755432129e-01
8.935333788394927979e-02 9.106466770172119141e-01
4.692872762680053711e-01 5.307127237319946289e-01
5.334406495094299316e-01 4.665593206882476807e-01
3.533552885055541992e-01 6.466447114944458008e-01
4.259491264820098877e-01 5.740509033203125000e-01
3.427623510360717773e-01 6.572376489639282227e-01
3.566254377365112305e-01 6.433745622634887695e-01
5.349803566932678223e-01 4.650196731090545654e-01
4.275941848754882812e-01 5.724058151245117188e-01
6.037074923515319824e-01 3.962925374507904053e-01
6.163565516471862793e-01 3.836434185504913330e-01
8.313125967979431152e-01 1.686873883008956909e-01
2.472803145647048950e-01 7.527197003364562988e-01
4.698970913887023926e-01 5.301029086112976074e-01
6.785625815391540527e-01 3.214374184608459473e-01
3.364711701869964600e-01 6.635288596153259277e-01
4.766344130039215088e-01 5.233656167984008789e-01
6.247353553771972656e-01 3.752646744251251221e-01
4.073446989059448242e-01 5.926553010940551758e-01
5.227549672126770020e-01 4.772450625896453857e-01
5.441454052925109863e-01 4.558545947074890137e-01
2.027335464954376221e-01 7.972664237022399902e-01
7.254571914672851562e-01 2.745428085327148438e-01
5.175476670265197754e-01 4.824523031711578369e-01
8.375678062438964844e-01 1.624321788549423218e-01
3.245306313037872314e-01 6.754693388938903809e-01
2.191549539566040039e-01 7.808450460433959961e-01
5.653612613677978516e-01 4.346387386322021484e-01
6.372767686843872070e-01 3.627232611179351807e-01
3.850628137588500977e-01 6.149371862411499023e-01
4.504085481166839600e-01 5.495914816856384277e-01
6.227879524230957031e-01 3.772120773792266846e-01
7.295235991477966309e-01 2.704764008522033691e-01
5.117589235305786133e-01 4.882411062717437744e-01
3.558230996131896973e-01 6.441769003868103027e-01
9.840129315853118896e-02 9.015986919403076172e-01
7.239497303962707520e-01 2.760502994060516357e-01
4.748440682888031006e-01 5.251559615135192871e-01
7.408158779144287109e-01 2.591841220855712891e-01
4.349352121353149414e-01 5.650647878646850586e-01
6.496404409408569336e-01 3.503595590591430664e-01
7.442674636840820312e-01 2.557325363159179688e-01
5.092021822929382324e-01 4.907977879047393799e-01
3.243419528007507324e-01 6.756580471992492676e-01
6.900510191917419434e-01 3.099489808082580566e-01
5.994868278503417969e-01 4.005131721496582031e-01
2.028608024120330811e-01 7.971391677856445312e-01
5.447872877120971680e-01 4.552127420902252197e-01
5.112562179565429688e-01 4.887438118457794189e-01
4.710936844348907471e-01 5.289063453674316406e-01
4.574315845966339111e-01 5.425683856010437012e-01
7.005990147590637207e-01 2.994009852409362793e-01
7.056577801704406738e-01 2.943422198295593262e-01
4.239586591720581055e-01 5.760413408279418945e-01
2.123713195323944092e-01 7.876287102699279785e-01
5.799252986907958984e-01 4.200747013092041016e-01
5.870330929756164551e-01 4.129669368267059326e-01
1.761765331029891968e-01 8.238234519958496094e-01
6.141060590744018555e-01 3.858939707279205322e-01
3.925253450870513916e-01 6.074746251106262207e-01
3.858567476272583008e-01 6.141432523727416992e-01
3.912515938282012939e-01 6.087484359741210938e-01
7.601795792579650879e-01 2.398204058408737183e-01
5.372619032859802246e-01 4.627381265163421631e-01
4.025182127952575684e-01 5.974817872047424316e-01
5.642721056938171387e-01 4.357278943061828613e-01
7.019717693328857422e-01 2.980282604694366455e-01
6.083397269248962402e-01 3.916602730751037598e-01
7.131690382957458496e-01 2.868309617042541504e-01
5.642721056938171387e-01 4.357278943061828613e-01
5.175508856773376465e-01 4.824490845203399658e-01
4.922686517238616943e-01 5.077313780784606934e-01
4.303352832794189453e-01 5.696647167205810547e-01
2.873740792274475098e-01 7.126259207725524902e-01
3.881678283214569092e-01 6.118322014808654785e-01
9.265543818473815918e-01 7.344563305377960205e-02
5.725725293159484863e-01 4.274274706840515137e-01
2.361259162425994873e-01 7.638741135597229004e-01
7.455454468727111816e-01 2.544545531272888184e-01
4.346645176410675049e-01 5.653354525566101074e-01
6.469597220420837402e-01 3.530402779579162598e-01
6.118950247764587402e-01 3.881049454212188721e-01
1.141486167907714844e-01 8.858513832092285156e-01
3.647399842739105225e-01 6.352600455284118652e-01
2.268912345170974731e-01 7.731087803840637207e-01
3.691260218620300293e-01 6.308739781379699707e-01
4.373423457145690918e-01 5.626576542854309082e-01
7.859952449798583984e-01 2.140047699213027954e-01
5.027635097503662109e-01 4.972364902496337891e-01
4.761500060558319092e-01 5.238499641418457031e-01
1.869667023420333862e-01 8.130332827568054199e-01
4.311167001724243164e-01 5.688832998275756836e-01
3.225668668746948242e-01 6.774331331253051758e-01
5.637114644050598145e-01 4.362885057926177979e-01
7.227862477302551270e-01 2.772137820720672607e-01
3.014725148677825928e-01 6.985274553298950195e-01
5.217754840850830078e-01 4.782245159149169922e-01
1.471967250108718872e-01 8.528032898902893066e-01
7.436488270759582520e-01 2.563511729240417480e-01
5.902649462223052979e-02 9.409735202789306641e-01
3.494161963462829590e-01 6.505838036537170410e-01
3.211358189582824707e-01 6.788641810417175293e-01
6.554069519042968750e-01 3.445930778980255127e-01
6.812161803245544434e-01 3.187838494777679443e-01
4.030251801013946533e-01 5.969747900962829590e-01
3.981461822986602783e-01 6.018538475036621094e-01
2.597403824329376221e-01 7.402595877647399902e-01
3.970155715942382812e-01 6.029844284057617188e-01
3.792499303817749023e-01 6.207500696182250977e-01
5.854823589324951172e-01 4.145176112651824951e-01
3.575260639190673828e-01 6.424739360809326172e-01
6.702589988708496094e-01 3.297410011291503906e-01
1.280654668807983398e-01 8.719345331192016602e-01
6.086611747741699219e-01 3.913388252258300781e-01
6.074917316436767578e-01 3.925082385540008545e-01
1.066163629293441772e-01 8.933836221694946289e-01
5.648903846740722656e-01 4.351096153259277344e-01
3.452310860157012939e-01 6.547689437866210938e-01
7.812089920043945312e-01 2.187909930944442749e-01
5.041308999061584473e-01 4.958690702915191650e-01
2.580190300941467285e-01 7.419809699058532715e-01
4.090003967285156250e-01 5.909996032714843750e-01
4.569992721080780029e-01 5.430007576942443848e-01
4.560279548168182373e-01 5.439720749855041504e-01
5.607770681381225586e-01 4.392229616641998291e-01
4.502744972705841064e-01 5.497254729270935059e-01
4.274357259273529053e-01 5.725643038749694824e-01
7.182658314704895020e-01 2.817341983318328857e-01
1.533539295196533203e-01 8.466460704803466797e-01
5.063897371292114258e-01 4.936102628707885742e-01
6.649501919746398926e-01 3.350498378276824951e-01
4.944900870323181152e-01 5.055099129676818848e-01
8.547522872686386108e-02 9.145247936248779297e-01
5.916840434074401855e-01 4.083159267902374268e-01
7.669817805290222168e-01 2.330182343721389771e-01
5.601577758789062500e-01 4.398422241210937500e-01
5.556661486625671387e-01 4.443338513374328613e-01
5.184409618377685547e-01 4.815590381622314453e-01
5.404410958290100098e-01 4.595589339733123779e-01
6.037747263908386230e-01 3.962252736091613770e-01
2.800000607967376709e-01 7.199999690055847168e-01
4.349215030670166016e-01 5.650784969329833984e-01
6.215182542800903320e-01 3.784817159175872803e-01
7.055645585060119629e-01 2.944354116916656494e-01
4.445046782493591309e-01 5.554953217506408691e-01
6.434625983238220215e-01 3.565374016761779785e-01
4.448711276054382324e-01 5.551288723945617676e-01
4.756448268890380859e-01 5.243551731109619141e-01
4.635300040245056152e-01 5.364699959754943848e-01
6.259397864341735840e-01 3.740602135658264160e-01
2.246302217245101929e-01 7.753697633743286133e-01
2.399636358022689819e-01 7.600363492965698242e-01
6.006380319595336914e-01 3.993619680404663086e-01
5.018125176429748535e-01 4.981874525547027588e-01
8.852209448814392090e-01 1.147790253162384033e-01
3.343166112899780273e-01 6.656833887100219727e-01
4.051284492015838623e-01 5.948715806007385254e-01
2.448466271162033081e-01 7.551533579826354980e-01
2.397622168064117432e-01 7.602378129959106445e-01
7.259021401405334473e-01 2.740978896617889404e-01
5.170512795448303223e-01 4.829487204551696777e-01
4.760023951530456543e-01 5.239976048469543457e-01
5.141915082931518555e-01 4.858084917068481445e-01
1.570901870727539062e-01 8.429098129272460938e-01
6.113458275794982910e-01 3.886542022228240967e-01
9.949801862239837646e-02 9.005019664764404297e-01
7.034754753112792969e-01 2.965245246887207031e-01
7.042508721351623535e-01 2.957491278648376465e-01
4.628578722476959229e-01 5.371420979499816895e-01
6.397680044174194336e-01 3.602320253849029541e-01
5.337610244750976562e-01 4.662390053272247314e-01
8.317172527313232422e-01 1.682827472686767578e-01
6.382024288177490234e-01 3.617975711822509766e-01
4.286928176879882812e-01 5.713071823120117188e-01
5.916953086853027344e-01 4.083046913146972656e-01
3.895934224128723145e-01 6.104065775871276855e-01
6.306216120719909668e-01 3.693783879280090332e-01
3.172424733638763428e-01 6.827574968338012695e-01
7.208163142204284668e-01 2.791836559772491455e-01
3.356412351131439209e-01 6.643587946891784668e-01
4.302586317062377930e-01 5.697413682937622070e-01
6.351266503334045410e-01 3.648733496665954590e-01
1.071936860680580139e-01 8.928062915802001953e-01
6.348562240600585938e-01 3.651438057422637939e-01
6.997545361518859863e-01 3.002454936504364014e-01
2.025614976882934570e-01 7.974385023117065430e-01
6.102254390716552734e-01 3.897745907306671143e-01
7.058503627777099609e-01 2.941496670246124268e-01
2.379463911056518555e-01 7.620536088943481445e-01
6.349533796310424805e-01 3.650466203689575195e-01
4.241806566715240479e-01 5.758193731307983398e-01
5.075190663337707520e-01 4.924809336662292480e-01
7.448394894599914551e-01 2.551605105400085449e-01
1.914190649986267090e-01 8.085809350013732910e-01
1.425782740116119385e-01 8.574216961860656738e-01
6.056137084960937500e-01 3.943863213062286377e-01
2.220909744501113892e-01 7.779090404510498047e-01
6.536849141120910645e-01 3.463150858879089355e-01
1.565964072942733765e-01 8.434035778045654297e-01
5.244961977005004883e-01 4.755037724971771240e-01
3.239246010780334473e-01 6.760753989219665527e-01
8.800874352455139160e-01 1.199125573039054871e-01
4.892945289611816406e-01 5.107054710388183594e-01
2.796090841293334961e-01 7.203909158706665039e-01
3.316416740417480469e-01 6.683583259582519531e-01
7.557788491249084473e-01 2.442211657762527466e-01
1.785445511341094971e-01 8.214554190635681152e-01
3.526189029216766357e-01 6.473811268806457520e-01
5.646817684173583984e-01 4.353182315826416016e-01
6.385757327079772949e-01 3.614242374897003174e-01
5.642721056938171387e-01 4.357278943061828613e-01
4.244029819965362549e-01 5.755969882011413574e-01
8.746315836906433105e-01 1.253684014081954956e-01
3.036658167839050293e-01 6.963341832160949707e-01
1.596278548240661621e-01 8.403721451759338379e-01
5.444452166557312012e-01 4.555547833442687988e-01
3.696522414684295654e-01 6.303477287292480469e-01
6.334682703018188477e-01 3.665317296981811523e-01
2.808739840984344482e-01 7.191260457038879395e-01
7.457737922668457031e-01 2.542262375354766846e-01
4.086246490478515625e-01 5.913753509521484375e-01
5.189960002899169922e-01 4.810040295124053955e-01
5.151071548461914062e-01 4.848928153514862061e-01
6.677318811416625977e-01 3.322681486606597900e-01
7.714173793792724609e-01 2.285826355218887329e-01
7.374187111854553223e-01 2.625812888145446777e-01
5.994348526000976562e-01 4.005651473999023438e-01
4.534512460231781006e-01 5.465487837791442871e-01
4.636798202991485596e-01 5.363201498985290527e-01
6.167476177215576172e-01 3.832523524761199951e-01
5.642721056938171387e-01 4.357278943061828613e-01
3.986755311489105225e-01 6.013244390487670898e-01
6.236286163330078125e-01 3.763713836669921875e-01
7.561933398246765137e-01 2.438066303730010986e-01
6.817536950111389160e-01 3.182463049888610840e-01
3.754846379160881042e-02 9.624515175819396973e-01
9.281345009803771973e-01 7.186551392078399658e-02
2.001838982105255127e-01 7.998160719871520996e-01
3.178432881832122803e-01 6.821567416191101074e-01
4.285020232200622559e-01 5.714979767799377441e-01
5.832823514938354492e-01 4.167176485061645508e-01
5.459312796592712402e-01 4.540687203407287598e-01
6.073966026306152344e-01 3.926033675670623779e-01
5.129356980323791504e-01 4.870643019676208496e-01
5.768131017684936523e-01 4.231869280338287354e-01
7.306634187698364258e-01 2.693366110324859619e-01
4.297674298286437988e-01 5.702325701713562012e-01
5.642721056938171387e-01 4.357278943061828613e-01
5.642721056938171387e-01 4.357278943061828613e-01
6.976248621940612793e-01 3.023751378059387207e-01
3.593462705612182617e-01 6.406537294387817383e-01
6.973656415939331055e-01 3.026343286037445068e-01
4.176036417484283447e-01 5.823963880538940430e-01
4.512676596641540527e-01 5.487323403358459473e-01
1.166993156075477600e-01 8.833006620407104492e-01
4.170510768890380859e-01 5.829489231109619141e-01
4.677121639251708984e-01 5.322878360748291016e-01
6.786527633666992188e-01 3.213472664356231689e-01
5.004348754882812500e-01 4.995651245117187500e-01
8.299150466918945312e-01 1.700849682092666626e-01
2.470614612102508545e-01 7.529385685920715332e-01
6.238363981246948242e-01 3.761636316776275635e-01
6.462264657020568848e-01 3.537735342979431152e-01
7.227382659912109375e-01 2.772617042064666748e-01
2.458658069372177124e-01 7.541341781616210938e-01
2.744313180446624756e-01 7.255687117576599121e-01
6.677318811416625977e-01 3.322681486606597900e-01
5.145939588546752930e-01 4.854060709476470947e-01
4.505732655525207520e-01 5.494267344474792480e-01
5.027253031730651855e-01 4.972747266292572021e-01
4.396133720874786377e-01 5.603865981101989746e-01
7.598716020584106445e-01 2.401283681392669678e-01
7.992681860923767090e-01 2.007318288087844849e-01
6.634509563446044922e-01 3.365490734577178955e-01
5.355484485626220703e-01 4.644515514373779297e-01
5.726367831230163574e-01 4.273632168769836426e-01
4.126338660717010498e-01 5.873661041259765625e-01
5.984852910041809082e-01 4.015147387981414795e-01
6.139717698097229004e-01 3.860282301902770996e-01
4.408271312713623047e-01 5.591728687286376953e-01
5.642721056938171387e-01 4.357278943061828613e-01
5.642721056938171387e-01 4.357278943061828613e-01
8.591168522834777832e-01 1.408831179141998291e-01
5.123716592788696289e-01 4.876283407211303711e-01
6.842761635780334473e-01 3.157238364219665527e-01
5.840272903442382812e-01 4.159727394580841064e-01
5.251544713973999023e-01 4.748455584049224854e-01
6.739609837532043457e-01 3.260390460491180420e-01
8.318600058555603027e-01 1.681399643421173096e-01
5.642721056938171387e-01 4.357278943061828613e-01
2.738537788391113281e-01 7.261462211608886719e-01
6.920834183692932129e-01 3.079165518283843994e-01
6.724982857704162598e-01 3.275016844272613525e-01
5.642721056938171387e-01 4.357278943061828613e-01
5.257220864295959473e-01 4.742779433727264404e-01
1.747740507125854492e-01 8.252259492874145508e-01
9.821675419807434082e-01 1.783243753015995026e-02
2.592906951904296875e-01 7.407093048095703125e-01
7.494360208511352539e-01 2.505640089511871338e-01
5.642721056938171387e-01 4.357278943061828613e-01
8.376163840293884277e-01 1.623836159706115723e-01
5.874159932136535645e-01 4.125840067863464355e-01
6.990859508514404297e-01 3.009140193462371826e-01
5.595122575759887695e-01 4.404877424240112305e-01
4.623124599456787109e-01 5.376875400543212891e-01
5.747084021568298340e-01 4.252915978431701660e-01
8.105447292327880859e-01 1.894552558660507202e-01
3.205999732017517090e-02 9.679400324821472168e-01
2.730886638164520264e-01 7.269113063812255859e-01
1.860747337341308594e-01 8.139252662658691406e-01
6.663424372673034668e-01 3.336575925350189209e-01
7.002611160278320312e-01 2.997389137744903564e-01
4.231121838092803955e-01 5.768878459930419922e-01
6.803031563758850098e-01 3.196968436241149902e-01
2.636493444442749023e-01 7.363506555557250977e-01
6.603828072547912598e-01 3.396171927452087402e-01
6.864469647407531738e-01 3.135530054569244385e-01
8.935323357582092285e-01 1.064676791429519653e-01
2.213738709688186646e-01 7.786261439323425293e-01
6.181186437606811523e-01 3.818813562393188477e-01
1.324552595615386963e-01 8.675447702407836914e-01
4.446620643138885498e-01 5.553379058837890625e-01
6.038346290588378906e-01 3.961654007434844971e-01
6.527679562568664551e-01 3.472320437431335449e-01
2.311617583036422729e-01 7.688382267951965332e-01
3.343166112899780273e-01 6.656833887100219727e-01
4.918676316738128662e-01 5.081323981285095215e-01
2.611266672611236572e-01 7.388733625411987305e-01
5.165839791297912598e-01 4.834159910678863525e-01
1.930957138538360596e-01 8.069043159484863281e-01
5.642721056938171387e-01 4.357278943061828613e-01
6.289879083633422852e-01 3.710120916366577148e-01
1.487193554639816284e-01 8.512806296348571777e-01
6.167476177215576172e-01 3.832523524761199951e-01
5.642721056938171387e-01 4.357278943061828613e-01
5.872443914413452148e-01 4.127555787563323975e-01
4.666474759578704834e-01 5.333525538444519043e-01
5.642721056938171387e-01 4.357278943061828613e-01
6.140114665031433105e-01 3.859885036945343018e-01
8.003666996955871582e-01 1.996333003044128418e-01
2.939346730709075928e-01 7.060652971267700195e-01
2.076234966516494751e-01 7.923765182495117188e-01
7.062610983848571777e-01 2.937389314174652100e-01
4.560946226119995117e-01 5.439053773880004883e-01
2.650948464870452881e-01 7.349051833152770996e-01
6.895010471343994141e-01 3.104989826679229736e-01
5.589642524719238281e-01 4.410357475280761719e-01
2.042410224676132202e-01 7.957589626312255859e-01
5.993340015411376953e-01 4.006659686565399170e-01
1.417248398065567017e-01 8.582751750946044922e-01
2.601845562458038330e-01 7.398154139518737793e-01
8.706142753362655640e-02 9.129385948181152344e-01
1.505244672298431396e-01 8.494755625724792480e-01
8.006832599639892578e-01 1.993167698383331299e-01
5.711383223533630371e-01 4.288617074489593506e-01
5.315006375312805176e-01 4.684993326663970947e-01
5.219805240631103516e-01 4.780195057392120361e-01
5.642721056938171387e-01 4.357278943061828613e-01
3.048641085624694824e-01 6.951358914375305176e-01
4.557499885559082031e-01 5.442500114440917969e-01
5.736001729965209961e-01 4.263997972011566162e-01
3.628942370414733887e-01 6.371057629585266113e-01
6.673278808593750000e-01 3.326720893383026123e-01
5.263813734054565430e-01 4.736186265945434570e-01
5.642721056938171387e-01 4.357278943061828613e-01
5.067049264907836914e-01 4.932950735092163086e-01
4.767738878726959229e-01 5.232261419296264648e-01
5.358282923698425293e-01 4.641717076301574707e-01
2.511167526245117188e-01 7.488832473754882812e-01
5.522080659866333008e-01 4.477919340133666992e-01
6.118456125259399414e-01 3.881544172763824463e-01
3.000176548957824707e-01 6.999823451042175293e-01
6.679601669311523438e-01 3.320398330688476562e-01
5.642721056938171387e-01 4.357278943061828613e-01
6.084563136100769043e-01 3.915436565876007080e-01
8.261480927467346191e-01 1.738518774509429932e-01
6.191833615303039551e-01 3.808166384696960449e-01
3.248574733734130859e-01 6.751425266265869141e-01
6.218101382255554199e-01 3.781898319721221924e-01
6.766749024391174316e-01 3.233251273632049561e-01
7.135019302368164062e-01 2.864980697631835938e-01
3.317892551422119141e-01 6.682107448577880859e-01
7.348422408103942871e-01 2.651577889919281006e-01
2.733258605003356934e-01 7.266741394996643066e-01
7.282584309577941895e-01 2.717415392398834229e-01
3.850032985210418701e-01 6.149967312812805176e-01
5.456098318099975586e-01 4.543901681900024414e-01
8.536987304687500000e-01 1.463012695312500000e-01
5.435429811477661133e-01 4.564570188522338867e-01
2.057493478059768677e-01 7.942506670951843262e-01
5.713957548141479492e-01 4.286042153835296631e-01
6.806904673576354980e-01 3.193095624446868896e-01
4.865072369575500488e-01 5.134927630424499512e-01
6.999129652976989746e-01 3.000870347023010254e-01
6.694278120994567871e-01 3.305722177028656006e-01
3.169926702976226807e-01 6.830072999000549316e-01
5.642721056938171387e-01 4.357278943061828613e-01
1.102511584758758545e-01 8.897488117218017578e-01
6.226419806480407715e-01 3.773580491542816162e-01
2.561871111392974854e-01 7.438129186630249023e-01
5.004939436912536621e-01 4.995060563087463379e-01
3.182858228683471680e-01 6.817141771316528320e-01
2.747094929218292236e-01 7.252904772758483887e-01
7.069110870361328125e-02 9.293088912963867188e-01
6.856118440628051758e-01 3.143881261348724365e-01
2.756850607693195343e-02 9.724314808845520020e-01
7.070984244346618652e-01 2.929015755653381348e-01
5.476189255714416504e-01 4.523810446262359619e-01
5.059319138526916504e-01 4.940680563449859619e-01
3.643795549869537354e-01 6.356204152107238770e-01
7.003898620605468750e-01 2.996101677417755127e-01
2.602491080760955811e-01 7.397508621215820312e-01
2.470246404409408569e-01 7.529753446578979492e-01
1.973907500505447388e-01 8.026092648506164551e-01
1.627350300550460815e-01 8.372649550437927246e-01
3.767365217208862305e-01 6.232634782791137695e-01
1.242374479770660400e-01 8.757625818252563477e-01
4.512751102447509766e-01 5.487248897552490234e-01
7.797441482543945312e-01 2.202558666467666626e-01
2.560979723930358887e-01 7.439020276069641113e-01
1.601197123527526855e-01 8.398802876472473145e-01
7.408618927001953125e-01 2.591381371021270752e-01
4.682379961013793945e-02 9.531762003898620605e-01
3.891659677028656006e-01 6.108340024948120117e-01
4.112843573093414307e-01 5.887156128883361816e-01
7.603479623794555664e-01 2.396520674228668213e-01
6.677318811416625977e-01 3.322681486606597900e-01
7.354251742362976074e-01 2.645748555660247803e-01
5.941262841224670410e-01 4.058737456798553467e-01
2.357449382543563843e-01 7.642550468444824219e-01
5.046375393867492676e-01 4.953624308109283447e-01
5.668262839317321777e-01 4.331737458705902100e-01
3.930620253086090088e-01 6.069379448890686035e-01
4.508901536464691162e-01 5.491098761558532715e-01
8.476787209510803223e-01 1.523212939500808716e-01
5.642721056938171387e-01 4.357278943061828613e-01
4.611582756042480469e-01 5.388417243957519531e-01
5.807021260261535645e-01 4.192978441715240479e-01
3.123979568481445312e-01 6.876020431518554688e-01
6.285764575004577637e-01 3.714235424995422363e-01
5.906553864479064941e-01 4.093446433544158936e-01
1.926929056644439697e-01 8.073070645332336426e-01
5.581127405166625977e-01 4.418872892856597900e-01
1.736639291048049927e-01 8.263360857963562012e-01
2.426017820835113525e-01 7.573981881141662598e-01
5.642721056938171387e-01 4.357278943061828613e-01
6.604381799697875977e-01 3.395617902278900146e-01
6.167476177215576172e-01 3.832523524761199951e-01
4.314659535884857178e-01 5.685340762138366699e-01
7.653404474258422852e-01 2.346595674753189087e-01
6.704272627830505371e-01 3.295727372169494629e-01
4.068397283554077148e-01 5.931602716445922852e-01
5.464714169502258301e-01 4.535286128520965576e-01
5.642721056938171387e-01 4.357278943061828613e-01
3.346225321292877197e-01 6.653774380683898926e-01
5.642721056938171387e-01 4.357278943061828613e-01
6.492807269096374512e-01 3.507192432880401611e-01
2.287414520978927612e-01 7.712585330009460449e-01
4.277125298976898193e-01 5.722874402999877930e-01
6.382117867469787598e-01 3.617882132530212402e-01
5.642721056938171387e-01 4.357278943061828613e-01
3.494179546833038330e-01 6.505820751190185547e-01
8.198489546775817871e-01 1.801510155200958252e-01
5.277236700057983398e-01 4.722763299942016602e-01
7.648922204971313477e-01 2.351077944040298462e-01
9.475117921829223633e-02 9.052488207817077637e-01
4.369806051254272461e-01 5.630193948745727539e-01
4.292635619640350342e-01 5.707364678382873535e-01
4.085270762443542480e-01 5.914729237556457520e-01
1.480091363191604614e-01 8.519908785820007324e-01
7.488548755645751953e-01 2.511451244354248047e-01
7.142367959022521973e-01 2.857632040977478027e-01
6.980364769697189331e-02 9.301963448524475098e-01
2.826820015907287598e-01 7.173179984092712402e-01
5.815837383270263672e-01 4.184162616729736328e-01
7.456039786338806152e-01 2.543960213661193848e-01
6.498911976814270020e-01 3.501087725162506104e-01
1.761765331029891968e-01 8.238234519958496094e-01
3.491155207157135010e-01 6.508845090866088867e-01
3.153243064880371094e-01 6.846756935119628906e-01
1.849000006914138794e-01 8.151000142097473145e-01
7.573560476303100586e-01 2.426439225673675537e-01
2.227610200643539429e-01 7.772389650344848633e-01
1.728450804948806763e-01 8.271549344062805176e-01
6.694304347038269043e-01 3.305695652961730957e-01
6.382110714912414551e-01 3.617889285087585449e-01
6.174286007881164551e-01 3.825713992118835449e-01
6.188821196556091309e-01 3.811179101467132568e-01
7.503638863563537598e-01 2.496360987424850464e-01
3.402882218360900879e-01 6.597117781639099121e-01
2.089144587516784668e-01 7.910855412483215332e-01
4.939739108085632324e-01 5.060260891914367676e-01
4.565706551074981689e-01 5.434293746948242188e-01
7.133694291114807129e-01 2.866305708885192871e-01
3.296797871589660645e-01 6.703202128410339355e-01
5.873551368713378906e-01 4.126448929309844971e-01
4.117410182952880859e-01 5.882589817047119141e-01
1.245908215641975403e-01 8.754091858863830566e-01
1.644185632467269897e-01 8.355814218521118164e-01
5.365759134292602539e-01 4.634241163730621338e-01
7.247788310050964355e-01 2.752211987972259521e-01
4.214352667331695557e-01 5.785647034645080566e-01
3.505013585090637207e-01 6.494986414909362793e-01
5.460355281829833984e-01 4.539644718170166016e-01
1.040885522961616516e-01 8.959114551544189453e-01
1.295184642076492310e-01 8.704815506935119629e-01
8.395288884639739990e-02 9.160470962524414062e-01
3.530928194522857666e-01 6.469071507453918457e-01
5.642721056938171387e-01 4.357278943061828613e-01
2.558213174343109131e-01 7.441787123680114746e-01
6.026960015296936035e-01 3.973039984703063965e-01
5.734576582908630371e-01 4.265423119068145752e-01
8.061662316322326660e-01 1.938337534666061401e-01
5.642721056938171387e-01 4.357278943061828613e-01
5.200572013854980469e-01 4.799428284168243408e-01
7.439402341842651367e-01 2.560597658157348633e-01
3.331061005592346191e-01 6.668938994407653809e-01
6.045325994491577148e-01 3.954674005508422852e-01
3.535534143447875977e-01 6.464465856552124023e-01
4.688822105526924133e-02 9.531117677688598633e-01
4.064827859401702881e-01 5.935171842575073242e-01
8.380904793739318848e-01 1.619095355272293091e-01
5.642721056938171387e-01 4.357278943061828613e-01
1.428825408220291138e-01 8.571174740791320801e-01
6.930786371231079102e-01 3.069213330745697021e-01
7.445162534713745117e-01 2.554837167263031006e-01
4.967976808547973633e-01 5.032023191452026367e-01
5.642721056938171387e-01 4.357278943061828613e-01
7.150309681892395020e-01 2.849690318107604980e-01
3.056991696357727051e-01 6.943008303642272949e-01
6.174286007881164551e-01 3.825713992118835449e-01
2.961837053298950195e-01 7.038162946701049805e-01
5.351744890213012695e-01 4.648255407810211182e-01
4.468697905540466309e-01 5.531302094459533691e-01
9.282629936933517456e-02 9.071736931800842285e-01
6.976248621940612793e-01 3.023751378059387207e-01
7.468914389610290527e-01 2.531085312366485596e-01
4.967976808547973633e-01 5.032023191452026367e-01
6.809454560279846191e-01 3.190545439720153809e-01
3.675524592399597168e-01 6.324475407600402832e-01
6.946153640747070312e-01 3.053846359252929688e-01
4.490607082843780518e-01 5.509393215179443359e-01
3.528049886226654053e-01 6.471949815750122070e-01
5.944220423698425293e-01 4.055779576301574707e-01
3.730944693088531494e-01 6.269055008888244629e-01
3.695866465568542480e-01 6.304133534431457520e-01
3.326022028923034668e-01 6.673977971076965332e-01
6.784737110137939453e-01 3.215262889862060547e-01
6.852370500564575195e-01 3.147629797458648682e-01
5.127906203269958496e-01 4.872093498706817627e-01
6.845629215240478516e-01 3.154371082782745361e-01
4.694482982158660889e-01 5.305517315864562988e-01
7.345008850097656250e-01 2.654990851879119873e-01
