2.223161906003952026e-01 7.776837944984436035e-01
7.098563909530639648e-01 2.901436388492584229e-01
7.309017777442932129e-01 2.690982222557067871e-01
5.023179650306701660e-01 4.976820349693298340e-01
5.922226309776306152e-01 4.077773392200469971e-01
1.524561345577239990e-01 8.475438952445983887e-01
7.284795492887496948e-02 9.271520376205444336e-01
6.945837736129760742e-01 3.054162263870239258e-01
5.969426035881042480e-01 4.030573964118957520e-01
2.874990105628967285e-01 7.125009894371032715e-01
2.246505767107009888e-01 7.753494381904602051e-01
2.233295887708663940e-01 7.766703963279724121e-01
6.193700432777404785e-01 3.806299567222595215e-01
7.258340716361999512e-01 2.741659283638000488e-01
7.166818529367446899e-02 9.283317923545837402e-01
2.951900660991668701e-01 7.048099040985107422e-01
6.274088025093078613e-01 3.725911974906921387e-01
6.786060333251953125e-01 3.213939666748046875e-01
7.731203436851501465e-01 2.268796414136886597e-01
4.686599075794219971e-01 5.313401222229003906e-01
4.413287043571472168e-01 5.586712956428527832e-01
2.289068847894668579e-01 7.710931301116943359e-01
6.422958970069885254e-01 3.577041327953338623e-01
7.357067465782165527e-01 2.642932832241058350e-01
3.083613812923431396e-01 6.916385889053344727e-01
7.345789670944213867e-01 2.654210329055786133e-01
8.539036512374877930e-01 1.460963487625122070e-01
1.747240126132965088e-01 8.252760171890258789e-01
5.450348258018493652e-01 4.549652040004730225e-01
3.206914067268371582e-01 6.793085932731628418e-01
1.693494617938995361e-01 8.306505084037780762e-01
2.665160298347473145e-01 7.334839701652526855e-01
2.168182879686355591e-01 7.831817269325256348e-01
7.050819993019104004e-01 2.949180006980895996e-01
4.262886345386505127e-01 5.737113952636718750e-01
6.944388747215270996e-01 3.055611550807952881e-01
3.383082449436187744e-01 6.616917848587036133e-01
4.929594993591308594e-01 5.070405006408691406e-01
1.648366004228591919e-01 8.351634144783020020e-01
7.963479161262512207e-01 2.036521136760711670e-01
3.014820218086242676e-01 6.985179781913757324e-01
4.903966486454010010e-01 5.096033811569213867e-01
4.735159873962402344e-01 5.264840126037597656e-01
5.648497939109802246e-01 4.351502358913421631e-01
2.000283002853393555e-01 7.999716997146606445e-01
5.587099194526672363e-01 4.412900805473327637e-01
5.250603556632995605e-01 4.749396443367004395e-01
4.182620942592620850e-01 5.817379355430603027e-01
7.632811069488525391e-01 2.367188930511474609e-01
2.096675932407379150e-01 7.903324365615844727e-01
3.398450314998626709e-01 6.601549983024597168e-01
2.408742904663085938e-01 7.591257095336914062e-01
6.623324155807495117e-01 3.376676142215728760e-01
7.338313460350036621e-01 2.661686539649963379e-01
8.917000889778137207e-01 1.082999259233474731e-01
7.082076668739318848e-01 2.917923331260681152e-01
8.456574082374572754e-01 1.543425917625427246e-01
2.711396813392639160e-01 7.288603186607360840e-01
8.381024599075317383e-01 1.618975698947906494e-01
8.754827380180358887e-01 1.245172768831253052e-01
8.269152045249938965e-02 9.173085093498229980e-01
7.828043103218078613e-01 2.171957045793533325e-01
7.348050475120544434e-01 2.651949226856231689e-01
1.902020573616027832e-01 8.097979426383972168e-01
2.203449904918670654e-01 7.796549797058105469e-01
6.850503683090209961e-01 3.149496316909790039e-01
1.858796924352645874e-01 8.141202926635742188e-01
3.186599165201187134e-02 9.681339859962463379e-01
7.089902162551879883e-01 2.910097837448120117e-01
7.058172225952148438e-01 2.941827476024627686e-01
6.208886504173278809e-01 3.791113197803497314e-01
6.193700432777404785e-01 3.806299567222595215e-01
7.165985107421875000e-01 2.834014892578125000e-01
3.507883250713348389e-01 6.492117047309875488e-01
6.555581092834472656e-01 3.444418609142303467e-01
6.893876194953918457e-01 3.106123507022857666e-01
6.048333048820495605e-01 3.951666951179504395e-01
5.231567621231079102e-01 4.768432676792144775e-01
5.695832967758178711e-01 4.304167032241821289e-01
1.709917932748794556e-01 8.290082216262817383e-01
4.713231623172760010e-01 5.286768674850463867e-01
6.881445646286010742e-01 3.118554055690765381e-01
5.315801501274108887e-01 4.684198796749114990e-01
7.066518068313598633e-01 2.933481931686401367e-01
3.901410102844238281e-01 6.098589897155761719e-01
3.255432248115539551e-01 6.744567751884460449e-01
1.326016038656234741e-01 8.673983812332153320e-01
6.390535831451416016e-01 3.609463870525360107e-01
4.550336003303527832e-01 5.449663996696472168e-01
3.264797329902648926e-01 6.735202670097351074e-01
5.961146950721740723e-01 4.038853049278259277e-01
8.017080426216125488e-01 1.982919871807098389e-01
3.447544276714324951e-01 6.552455425262451172e-01
5.305322408676147461e-01 4.694677293300628662e-01
7.139931917190551758e-01 2.860068082809448242e-01
5.758453011512756348e-01 4.241546690464019775e-01
5.840517878532409668e-01 4.159481823444366455e-01
5.371489375829696655e-02 9.462851285934448242e-01
6.533874273300170898e-01 3.466126024723052979e-01
6.249447464942932129e-01 3.750552237033843994e-01
3.068440258502960205e-01 6.931560039520263672e-01
6.578574180603027344e-01 3.421425819396972656e-01
1.530736833810806274e-01 8.469263315200805664e-01
7.379777431488037109e-01 2.620222270488739014e-01
5.904350280761718750e-01 4.095649719238281250e-01
1.385793834924697876e-01 8.614206314086914062e-01
7.312088608741760254e-01 2.687911689281463623e-01
3.618494793772697449e-02 9.638150334358215332e-01
4.257078170776367188e-01 5.742921829223632812e-01
7.069658637046813965e-01 2.930341660976409912e-01
4.123943150043487549e-01 5.876057147979736328e-01
7.301687002182006836e-01 2.698312699794769287e-01
2.521522641181945801e-01 7.478477358818054199e-01
4.629558324813842773e-01 5.370441675186157227e-01
8.676141500473022461e-01 1.323858350515365601e-01
4.483417570590972900e-01 5.516582131385803223e-01
5.599086284637451172e-01 4.400913715362548828e-01
4.370369017124176025e-01 5.629631280899047852e-01
7.733542323112487793e-01 2.266457527875900269e-01
6.087799072265625000e-01 3.912200927734375000e-01
6.193700432777404785e-01 3.806299567222595215e-01
5.442199707031250000e-01 4.557800292968750000e-01
7.473571896553039551e-01 2.526428401470184326e-01
4.544484317302703857e-01 5.455515980720520020e-01
1.392815709114074707e-01 8.607184290885925293e-01
3.561807572841644287e-01 6.438192129135131836e-01
2.109212577342987061e-01 7.890787720680236816e-01
6.096188426017761230e-01 3.903811573982238770e-01
3.927677273750305176e-01 6.072322726249694824e-01
6.802003383636474609e-01 3.197996616363525391e-01
5.851286053657531738e-01 4.148713648319244385e-01
5.734502673149108887e-01 4.265497326850891113e-01
4.483167827129364014e-01 5.516831874847412109e-01
1.623069196939468384e-01 8.376930952072143555e-01
3.620580136775970459e-01 6.379420161247253418e-01
6.193700432777404785e-01 3.806299567222595215e-01
5.055354833602905273e-01 4.944644868373870850e-01
5.002032518386840820e-01 4.997967481613159180e-01
1.062126234173774719e-01 8.937873840332031250e-01
3.382471203804016113e-01 6.617528796195983887e-01
6.233673691749572754e-01 3.766326010227203369e-01
6.046957969665527344e-01 3.953042328357696533e-01
1.599678844213485718e-01 8.400321006774902344e-01
3.879184424877166748e-01 6.120815277099609375e-01
5.569838881492614746e-01 4.430161118507385254e-01
5.752613022923469543e-02 9.424738883972167969e-01
8.311159014701843262e-01 1.688841134309768677e-01
6.766321659088134766e-01 3.233678638935089111e-01
6.660535931587219238e-01 3.339464068412780762e-01
7.229413390159606934e-01 2.770586311817169189e-01
1.625340431928634644e-02 9.837465882301330566e-01
3.075928390026092529e-01 6.924071907997131348e-01
5.449765920639038086e-01 4.550234079360961914e-01
7.790243625640869141e-01 2.209756076335906982e-01
5.961191654205322266e-02 9.403880834579467773e-01
4.984101355075836182e-01 5.015898346900939941e-01
6.360634565353393555e-01 3.639365136623382568e-01
4.794821739196777344e-01 5.205178260803222656e-01
6.346301436424255371e-01 3.653698563575744629e-01
5.653913617134094238e-01 4.346086382865905762e-01
2.702040672302246094e-01 7.297959327697753906e-01
1.004426106810569763e-01 8.995574116706848145e-01
4.260449111461639404e-01 5.739550590515136719e-01
1.325728744268417358e-01 8.674271106719970703e-01
9.116726517677307129e-01 8.832735568284988403e-02
4.940821528434753418e-01 5.059178471565246582e-01
1.376987099647521973e-01 8.623012900352478027e-01
1.993815451860427856e-01 8.006184697151184082e-01
7.800818681716918945e-01 2.199181318283081055e-01
8.138179183006286621e-01 1.861821115016937256e-01
3.473766893148422241e-02 9.652623534202575684e-01
2.465185523033142090e-01 7.534814476966857910e-01
7.007838487625122070e-01 2.992161214351654053e-01
7.608618140220642090e-01 2.391381710767745972e-01
6.193700432777404785e-01 3.806299567222595215e-01
7.893059849739074707e-01 2.106940150260925293e-01
5.595401525497436523e-01 4.404598474502563477e-01
6.262601166963577271e-02 9.373739957809448242e-01
4.412890076637268066e-01 5.587109923362731934e-01
6.336640715599060059e-01 3.663359284400939941e-01
6.887066364288330078e-01 3.112933933734893799e-01
3.656064271926879883e-01 6.343935728073120117e-01
6.015334725379943848e-01 3.984665274620056152e-01
6.988696455955505371e-01 3.011303842067718506e-01
5.834025740623474121e-01 4.165974557399749756e-01
9.604461491107940674e-02 9.039553999900817871e-01
5.833759903907775879e-01 4.166240096092224121e-01
6.069538593292236328e-01 3.930461406707763672e-01
7.066518068313598633e-01 2.933481931686401367e-01
5.964250564575195312e-01 4.035749137401580811e-01
6.414237618446350098e-01 3.585762679576873779e-01
7.172718048095703125e-01 2.827281951904296875e-01
1.797983199357986450e-01 8.202016949653625488e-01
6.434584856033325195e-01 3.565415441989898682e-01
1.554240137338638306e-01 8.445760011672973633e-01
4.815816879272460938e-01 5.184183120727539062e-01
2.337969392538070679e-01 7.662030458450317383e-01
4.400779902935028076e-01 5.599219799041748047e-01
6.197403073310852051e-01 3.802596926689147949e-01
8.303409218788146973e-01 1.696590781211853027e-01
6.594212651252746582e-01 3.405787050724029541e-01
6.663035750389099121e-01 3.336964249610900879e-01
4.689828157424926758e-01 5.310171842575073242e-01
8.875227570533752441e-01 1.124772578477859497e-01
7.729859948158264160e-01 2.270139902830123901e-01
4.057865738868713379e-01 5.942134261131286621e-01
5.369988679885864258e-01 4.630011618137359619e-01
4.263380169868469238e-01 5.736619830131530762e-01
3.837759494781494141e-01 6.162240505218505859e-01
6.243276596069335938e-01 3.756723403930664062e-01
2.998172640800476074e-01 7.001827359199523926e-01
2.613486349582672119e-01 7.386513352394104004e-01
7.613797187805175781e-01 2.386202812194824219e-01
2.106788754463195801e-01 7.893211245536804199e-01
5.312824249267578125e-01 4.687176048755645752e-01
2.831609547138214111e-01 7.168390154838562012e-01
7.813805341720581055e-01 2.186194509267807007e-01
2.762234807014465332e-01 7.237765192985534668e-01
6.984775662422180176e-01 3.015224039554595947e-01
3.032248318195343018e-01 6.967751383781433105e-01
6.763876676559448242e-01 3.236123323440551758e-01
1.923661977052688599e-01 8.076338171958923340e-01
6.325995326042175293e-01 3.674004971981048584e-01
3.548503220081329346e-01 6.451496481895446777e-01
7.232996821403503418e-01 2.767003476619720459e-01
6.746610999107360840e-01 3.253388702869415283e-01
5.048588663339614868e-02 9.495140910148620605e-01
6.100154519081115723e-01 3.899845480918884277e-01
7.647576928138732910e-01 2.352422922849655151e-01
7.608687877655029297e-01 2.391311824321746826e-01
1.779056936502456665e-01 8.220943212509155273e-01
7.683417946100234985e-02 9.231657981872558594e-01
7.500656247138977051e-01 2.499343454837799072e-01
6.193700432777404785e-01 3.806299567222595215e-01
6.788177490234375000e-01 3.211822211742401123e-01
1.802766621112823486e-01 8.197233080863952637e-01
6.097667217254638672e-01 3.902332484722137451e-01
6.389840841293334961e-01 3.610158860683441162e-01
6.684185564517974854e-02 9.331581592559814453e-01
2.570162415504455566e-01 7.429837584495544434e-01
3.626503348350524902e-01 6.373496651649475098e-01
6.705732941627502441e-01 3.294267058372497559e-01
4.290039241313934326e-01 5.709960460662841797e-01
4.670327901840209961e-01 5.329672098159790039e-01
6.583107709884643555e-01 3.416892290115356445e-01
4.468822479248046875e-01 5.531177520751953125e-01
4.891350269317626953e-01 5.108649730682373047e-01
6.272245943546295166e-02 9.372775554656982422e-01
4.146763384342193604e-01 5.853236913681030273e-01
3.391487002372741699e-01 6.608512997627258301e-01
1.736762821674346924e-01 8.263236880302429199e-01
2.370586991310119629e-01 7.629413008689880371e-01
1.756706982851028442e-01 8.243293166160583496e-01
1.359758973121643066e-01 8.640241026878356934e-01
8.819089531898498535e-01 1.180910617113113403e-01
6.334387660026550293e-01 3.665612041950225830e-01
3.765867352485656738e-01 6.234132647514343262e-01
5.117829442024230957e-01 4.882170557975769043e-01
6.283436417579650879e-01 3.716563582420349121e-01
5.774849653244018555e-01 4.225150644779205322e-01
4.331690073013305664e-01 5.668309926986694336e-01
3.849381804466247559e-01 6.150618195533752441e-01
3.640319108963012695e-01 6.359680891036987305e-01
6.305054426193237305e-01 3.694945871829986572e-01
5.124208703637123108e-02 9.487578868865966797e-01
1.832729727029800415e-01 8.167270421981811523e-01
5.537642836570739746e-01 4.462357461452484131e-01
7.533391714096069336e-01 2.466608285903930664e-01
4.986049234867095947e-01 5.013951063156127930e-01
6.000556349754333496e-01 3.999443650245666504e-01
9.570559114217758179e-02 9.042944312095642090e-01
3.060557842254638672e-01 6.939442157745361328e-01
5.376365184783935547e-01 4.623635113239288330e-01
2.442821413278579712e-01 7.557178735733032227e-01
7.018818259239196777e-01 2.981181442737579346e-01
6.343241333961486816e-01 3.656758368015289307e-01
4.885895848274230957e-01 5.114104151725769043e-01
6.788000464439392090e-01 3.211999535560607910e-01
6.814814209938049316e-01 3.185186088085174561e-01
3.257076144218444824e-01 6.742923855781555176e-01
7.456402182579040527e-01 2.543598115444183350e-01
5.417660474777221680e-01 4.582339823246002197e-01
4.102889895439147949e-01 5.897110104560852051e-01
7.558172196149826050e-02 9.244182705879211426e-01
6.875475049018859863e-01 3.124525249004364014e-01
2.259880453348159790e-01 7.740119695663452148e-01
6.710271835327148438e-01 3.289728462696075439e-01
6.790393590927124023e-01 3.209606409072875977e-01
4.411543607711791992e-01 5.588456392288208008e-01
3.651017248630523682e-01 6.348982453346252441e-01
2.114796638488769531e-01 7.885203361511230469e-01
4.879544377326965332e-01 5.120455622673034668e-01
6.542051434516906738e-01 3.457948863506317139e-01
7.256924510002136230e-01 2.743075489997863770e-01
3.742424771189689636e-02 9.625757336616516113e-01
1.835659295320510864e-01 8.164340853691101074e-01
3.498211801052093506e-01 6.501787900924682617e-01
8.068617582321166992e-01 1.931382417678833008e-01
6.314181685447692871e-01 3.685818612575531006e-01
7.305594086647033691e-01 2.694405913352966309e-01
6.463883519172668457e-01 3.536116778850555420e-01
1.879938542842864990e-01 8.120061159133911133e-01
1.778030693531036377e-01 8.221969604492187500e-01
6.193700432777404785e-01 3.806299567222595215e-01
7.041532993316650391e-01 2.958467006683349609e-01
6.314056515693664551e-01 3.685943782329559326e-01
2.779472768306732178e-01 7.220526933670043945e-01
1.468919068574905396e-01 8.531081080436706543e-01
6.239051818847656250e-01 3.760947883129119873e-01
6.044224500656127930e-01 3.955775499343872070e-01
7.192510366439819336e-01 2.807489633560180664e-01
4.485044479370117188e-01 5.514955520629882812e-01
4.710481688380241394e-02 9.528951644897460938e-01
7.212398648262023926e-01 2.787601649761199951e-01
3.079798221588134766e-01 6.920201778411865234e-01
1.620634496212005615e-01 8.379365801811218262e-01
3.943011462688446045e-01 6.056988239288330078e-01
5.357291698455810547e-01 4.642708599567413330e-01
7.804547548294067383e-01 2.195452749729156494e-01
1.101577654480934143e-01 8.898422122001647949e-01
2.688840627670288086e-01 7.311159372329711914e-01
8.699511736631393433e-02 9.130048751831054688e-01
5.088038444519042969e-01 4.911961555480957031e-01
3.604811728000640869e-01 6.395187973976135254e-01
6.146171689033508301e-01 3.853828608989715576e-01
6.180228590965270996e-01 3.819771409034729004e-01
5.829670429229736328e-01 4.170329570770263672e-01
1.651565134525299072e-01 8.348434567451477051e-01
2.771605253219604492e-01 7.228394746780395508e-01
2.196764945983886719e-01 7.803235054016113281e-01
6.193700432777404785e-01 3.806299567222595215e-01
9.614882618188858032e-02 9.038511514663696289e-01
5.102662444114685059e-01 4.897337853908538818e-01
3.950094580650329590e-01 6.049905419349670410e-01
4.843377172946929932e-01 5.156622529029846191e-01
7.254004478454589844e-01 2.745995223522186279e-01
7.312271595001220703e-01 2.687728404998779297e-01
1.860404312610626221e-01 8.139595985412597656e-01
6.405416131019592285e-01 3.594584167003631592e-01
5.748818516731262207e-01 4.251181781291961670e-01
5.225439667701721191e-01 4.774560630321502686e-01
7.362115979194641113e-01 2.637884318828582764e-01
3.412024378776550293e-01 6.587975621223449707e-01
1.877588033676147461e-01 8.122411966323852539e-01
5.885013937950134277e-01 4.114986360073089600e-01
1.290573626756668091e-01 8.709426522254943848e-01
5.667944550514221191e-01 4.332055449485778809e-01
3.679207265377044678e-01 6.320793032646179199e-01
5.610066056251525879e-01 4.389934241771697998e-01
6.093824505805969238e-01 3.906175494194030762e-01
1.532456576824188232e-01 8.467543125152587891e-01
4.071051478385925293e-01 5.928948521614074707e-01
5.756291747093200684e-01 4.243708550930023193e-01
6.175059676170349121e-01 3.824940621852874756e-01
2.078503370285034180e-01 7.921496629714965820e-01
2.943339049816131592e-01 7.056660652160644531e-01
7.253503799438476562e-01 2.746496498584747314e-01
6.579933762550354004e-01 3.420066237449645996e-01
7.356075644493103027e-01 2.643924653530120850e-01
5.623574852943420410e-01 4.376425147056579590e-01
2.932400405406951904e-01 7.067599892616271973e-01
6.193700432777404785e-01 3.806299567222595215e-01
1.422143578529357910e-01 8.577856421470642090e-01
2.507562935352325439e-01 7.492436766624450684e-01
6.318915486335754395e-01 3.681084215641021729e-01
3.773227035999298096e-01 6.226773262023925781e-01
4.804852604866027832e-01 5.195147395133972168e-01
5.894020199775695801e-01 4.105979502201080322e-01
6.193700432777404785e-01 3.806299567222595215e-01
2.643081247806549072e-01 7.356919050216674805e-01
7.670905590057373047e-01 2.329094558954238892e-01
6.447218060493469238e-01 3.552781939506530762e-01
6.788177490234375000e-01 3.211822211742401123e-01
5.693530440330505371e-01 4.306469261646270752e-01
6.989980936050415039e-01 3.010019361972808838e-01
7.489691376686096191e-01 2.510308921337127686e-01
4.330566227436065674e-01 5.669434070587158203e-01
7.265944480895996094e-01 2.734055519104003906e-01
1.661600470542907715e-01 8.338399529457092285e-01
7.086923122406005859e-01 2.913076877593994141e-01
8.792170882225036621e-01 1.207828894257545471e-01
7.810868024826049805e-01 2.189131975173950195e-01
6.993357539176940918e-01 3.006642758846282959e-01
7.013850808143615723e-01 2.986148893833160400e-01
3.418533205986022949e-01 6.581466794013977051e-01
9.058359861373901367e-01 9.416399896144866943e-02
6.146171689033508301e-01 3.853828608989715576e-01
7.647122740745544434e-01 2.352877259254455566e-01
1.504528671503067017e-01 8.495471477508544922e-01
5.159443020820617676e-01 4.840557277202606201e-01
4.796746075153350830e-01 5.203253626823425293e-01
7.384688854217529297e-01 2.615311145782470703e-01
7.338582277297973633e-01 2.661417722702026367e-01
3.734963834285736084e-01 6.265035867691040039e-01
3.441546857357025146e-01 6.558452844619750977e-01
4.186608195304870605e-01 5.813391804695129395e-01
3.426301777362823486e-01 6.573698520660400391e-01
6.193700432777404785e-01 3.806299567222595215e-01
4.944071173667907715e-01 5.055928826332092285e-01
3.906600773334503174e-01 6.093399524688720703e-01
6.449684500694274902e-01 3.550315201282501221e-01
7.441444396972656250e-01 2.558555305004119873e-01
6.017477512359619141e-01 3.982522189617156982e-01
6.198874115943908691e-01 3.801125884056091309e-01
8.968641161918640137e-01 1.031358540058135986e-01
7.477877140045166016e-01 2.522123157978057861e-01
6.273913383483886719e-01 3.726086318492889404e-01
5.811502337455749512e-01 4.188497960567474365e-01
9.384024888277053833e-02 9.061597585678100586e-01
7.222289443016052246e-01 2.777710556983947754e-01
5.880365371704101562e-01 4.119634628295898438e-01
6.942197084426879883e-01 3.057802617549896240e-01
7.460076808929443359e-01 2.539923191070556641e-01
5.170720219612121582e-01 4.829280078411102295e-01
9.124269336462020874e-02 9.087573289871215820e-01
9.045279026031494141e-02 9.095472097396850586e-01
2.455808073282241821e-01 7.544192075729370117e-01
8.388674259185791016e-01 1.611325591802597046e-01
3.518500328063964844e-01 6.481499671936035156e-01
6.874833703041076660e-01 3.125165998935699463e-01
4.730345904827117920e-01 5.269654393196105957e-01
8.939367532730102539e-01 1.060632467269897461e-01
2.056199908256530762e-01 7.943800091743469238e-01
5.647206306457519531e-01 4.352793395519256592e-01
2.690478861331939697e-01 7.309520840644836426e-01
1.522804051637649536e-01 8.477196097373962402e-01
8.305984139442443848e-01 1.694015860557556152e-01
4.059601426124572754e-01 5.940398573875427246e-01
9.032972902059555054e-02 9.096702933311462402e-01
5.073249936103820801e-01 4.926750063896179199e-01
6.795289367437362671e-02 9.320471286773681641e-01
6.889275908470153809e-01 3.110724389553070068e-01
8.733415603637695312e-01 1.266584247350692749e-01
2.657340168952941895e-01 7.342659831047058105e-01
4.678507149219512939e-01 5.321492552757263184e-01
7.227981686592102051e-01 2.772018313407897949e-01
3.659320175647735596e-01 6.340679526329040527e-01
3.997797518968582153e-02 9.600220322608947754e-01
4.268174171447753906e-01 5.731825828552246094e-01
6.494085192680358887e-01 3.505914807319641113e-01
2.058537006378173828e-01 7.941462993621826172e-01
6.682993173599243164e-01 3.317006528377532959e-01
2.441287189722061157e-01 7.558712959289550781e-01
7.385051846504211426e-01 2.614948153495788574e-01
5.563295483589172363e-01 4.436704516410827637e-01
3.672767877578735352e-01 6.327232122421264648e-01
3.288560360670089722e-02 9.671143889427185059e-01
1.398314088582992554e-01 8.601685762405395508e-01
4.900382757186889648e-01 5.099617242813110352e-01
2.998918592929840088e-01 7.001081705093383789e-01
6.606792211532592773e-01 3.393207490444183350e-01
6.406271457672119141e-01 3.593728542327880859e-01
2.876897752285003662e-01 7.123101949691772461e-01
7.600487470626831055e-01 2.399512380361557007e-01
6.921424865722656250e-01 3.078575432300567627e-01
6.864870786666870117e-01 3.135129213333129883e-01
1.898946762084960938e-01 8.101053237915039062e-01
8.148066699504852295e-02 9.185193181037902832e-01
1.194521710276603699e-01 8.805478215217590332e-01
3.673143982887268066e-01 6.326856017112731934e-01
7.063660621643066406e-01 2.936339378356933594e-01
3.685540556907653809e-01 6.314459443092346191e-01
4.974906146526336670e-01 5.025093555450439453e-01
4.395011365413665771e-01 5.604988932609558105e-01
8.252608180046081543e-01 1.747391670942306519e-01
2.380900532007217407e-01 7.619099617004394531e-01
4.677936732769012451e-01 5.322063565254211426e-01
8.756564855575561523e-01 1.243434995412826538e-01
2.501688003540039062e-01 7.498311996459960938e-01
6.776383519172668457e-01 3.223616778850555420e-01
7.279779314994812012e-01 2.720220386981964111e-01
5.189734101295471191e-01 4.810265898704528809e-01
4.308023452758789062e-01 5.691976547241210938e-01
7.095819711685180664e-01 2.904179990291595459e-01
5.290808081626892090e-01 4.709191620349884033e-01
1.601809412240982056e-01 8.398190736770629883e-01
1.505503803491592407e-01 8.494496345520019531e-01
8.613210320472717285e-01 1.386789381504058838e-01
7.724590897560119629e-01 2.275409102439880371e-01
8.247287869453430176e-01 1.752711981534957886e-01
5.053876042366027832e-01 4.946123957633972168e-01
6.112595796585083008e-01 3.887403905391693115e-01
6.262601166963577271e-02 9.373739957809448242e-01
3.783659040927886963e-01 6.216340661048889160e-01
6.788177490234375000e-01 3.211822211742401123e-01
6.856874227523803711e-01 3.143125772476196289e-01
8.118054270744323730e-02 9.188194274902343750e-01
1.785334795713424683e-01 8.214665055274963379e-01
6.322817504405975342e-02 9.367718100547790527e-01
5.935083627700805664e-01 4.064916074275970459e-01
4.780873656272888184e-01 5.219126343727111816e-01
6.973877549171447754e-01 3.026122748851776123e-01
4.955739080905914307e-01 5.044260621070861816e-01
7.468874454498291016e-01 2.531125843524932861e-01
6.815813779830932617e-01 3.184186220169067383e-01
5.865033864974975586e-01 4.134966135025024414e-01
6.601474285125732422e-01 3.398526012897491455e-01
3.346852064132690430e-01 6.653147935867309570e-01
5.827924609184265137e-01 4.172075092792510986e-01
4.089174866676330566e-01 5.910825133323669434e-01
6.193700432777404785e-01 3.806299567222595215e-01
8.549269437789916992e-01 1.450730711221694946e-01
8.763563036918640137e-01 1.236437186598777771e-01
3.419345021247863770e-01 6.580654978752136230e-01
4.253627955913543701e-01 5.746371746063232422e-01
5.380129218101501465e-01 4.619870483875274658e-01
6.773216724395751953e-01 3.226783275604248047e-01
6.129395961761474609e-01 3.870604038238525391e-01
3.632421046495437622e-02 9.636757969856262207e-01
6.439826637506484985e-02 9.356017112731933594e-01
7.555904388427734375e-01 2.444095909595489502e-01
2.193974107503890991e-01 7.806025743484497070e-01
8.474265336990356445e-01 1.525734812021255493e-01
2.927699983119964600e-01 7.072300314903259277e-01
6.262601166963577271e-02 9.373739957809448242e-01
7.646879553794860840e-01 2.353120148181915283e-01
4.348077774047851562e-01 5.651922225952148438e-01
6.671845316886901855e-01 3.328154683113098145e-01
3.505640327930450439e-01 6.494359970092773438e-01
2.795655131340026855e-01 7.204344868659973145e-01
6.211445927619934082e-01 3.788554370403289795e-01
7.694584727287292480e-01 2.305415272712707520e-01
4.174391627311706543e-01 5.825608372688293457e-01
3.292943537235260010e-01 6.707056760787963867e-01
8.288890123367309570e-01 1.711109876632690430e-01
7.692015171051025391e-01 2.307985126972198486e-01
9.772292524576187134e-02 9.022770524024963379e-01
6.568055748939514160e-01 3.431944251060485840e-01
5.718172788619995117e-01 4.281827211380004883e-01
4.618120789527893066e-01 5.381879210472106934e-01
9.004507958889007568e-02 9.099549055099487305e-01
8.605610728263854980e-01 1.394389271736145020e-01
5.043854713439941406e-01 4.956145286560058594e-01
4.344364106655120850e-01 5.655636191368103027e-01
6.997370719909667969e-01 3.002628982067108154e-01
3.828483223915100098e-01 6.171516776084899902e-01
6.651304960250854492e-01 3.348695039749145508e-01
6.073514819145202637e-01 3.926485180854797363e-01
4.090454876422882080e-01 5.909544825553894043e-01
2.438276112079620361e-01 7.561723589897155762e-01
6.067090034484863281e-01 3.932910263538360596e-01
4.375590085983276367e-01 5.624409914016723633e-01
3.509238362312316895e-01 6.490761637687683105e-01
2.271148711442947388e-01 7.728851437568664551e-01
5.115332603454589844e-01 4.884667694568634033e-01
5.593504905700683594e-01 4.406495392322540283e-01
1.660122424364089966e-01 8.339877724647521973e-01
6.121291220188140869e-02 9.387871026992797852e-01
8.312041759490966797e-01 1.687958538532257080e-01
9.043252468109130859e-01 9.567476809024810791e-02
7.840300798416137695e-01 2.159699201583862305e-01
6.193700432777404785e-01 3.806299567222595215e-01
7.073479890823364258e-01 2.926520109176635742e-01
9.040642380714416504e-01 9.593576937913894653e-02
5.136500000953674316e-01 4.863500297069549561e-01
1.954114586114883423e-01 8.045885562896728516e-01
5.933731794357299805e-01 4.066268205642700195e-01
6.262601166963577271e-02 9.373739957809448242e-01
7.489799261093139648e-01 2.510201036930084229e-01
1.406714618206024170e-01 8.593285083770751953e-01
8.498678803443908691e-01 1.501321345567703247e-01
8.443756699562072754e-01 1.556243300437927246e-01
6.788177490234375000e-01 3.211822211742401123e-01
9.315636754035949707e-01 6.843633204698562622e-02
6.193700432777404785e-01 3.806299567222595215e-01
8.797138929367065430e-01 1.202860996127128601e-01
7.156568765640258789e-01 2.843430936336517334e-01
6.186462640762329102e-01 3.813537061214447021e-01
3.277138173580169678e-01 6.722861528396606445e-01
3.268501460552215576e-01 6.731498837471008301e-01
2.952118515968322754e-01 7.047881484031677246e-01
4.589405357837677002e-01 5.410594940185546875e-01
6.193700432777404785e-01 3.806299567222595215e-01
1.461298167705535889e-01 8.538702130317687988e-01
2.516664862632751465e-01 7.483335137367248535e-01
5.851768851280212402e-01 4.148231148719787598e-01
9.202924370765686035e-01 7.970754802227020264e-02
2.263161391019821167e-01 7.736838459968566895e-01
7.417058944702148438e-01 2.582941353321075439e-01
5.529961585998535156e-01 4.470038712024688721e-01
7.455255389213562012e-01 2.544744610786437988e-01
8.225494623184204102e-01 1.774505376815795898e-01
7.048676609992980957e-01 2.951323390007019043e-01
8.757312893867492676e-01 1.242687106132507324e-01
3.124749958515167236e-01 6.875249743461608887e-01
6.322886347770690918e-01 3.677113652229309082e-01
7.521777749061584473e-01 2.478222399950027466e-01
7.378072142601013184e-01 2.621927857398986816e-01
5.548034310340881348e-01 4.451965391635894775e-01
6.390833854675292969e-01 3.609166145324707031e-01
5.293573141098022461e-01 4.706426560878753662e-01
7.391958832740783691e-01 2.608040869235992432e-01
7.313500046730041504e-01 2.686499953269958496e-01
3.290737271308898926e-01 6.709262728691101074e-01
1.119460836052894592e-01 8.880538940429687500e-01
7.556989192962646484e-01 2.443011105060577393e-01
9.392046332359313965e-01 6.079538166522979736e-02
1.598345786333084106e-01 8.401654362678527832e-01
5.825968384742736816e-01 4.174031317234039307e-01
5.303897857666015625e-01 4.696102440357208252e-01
4.073527157306671143e-01 5.926473140716552734e-01
3.542074561119079590e-01 6.457925438880920410e-01
6.613123416900634766e-01 3.386876583099365234e-01
2.488164156675338745e-01 7.511835694313049316e-01
4.932995438575744629e-01 5.067004561424255371e-01
7.470163106918334961e-01 2.529836893081665039e-01
6.193700432777404785e-01 3.806299567222595215e-01
5.871317386627197266e-01 4.128682911396026611e-01
5.396543145179748535e-01 4.603457152843475342e-01
3.513450026512145996e-01 6.486549973487854004e-01
4.089372158050537109e-01 5.910627841949462891e-01
3.903950452804565430e-01 6.096049547195434570e-01
4.610366821289062500e-01 5.389633178710937500e-01
6.831539273262023926e-01 3.168460428714752197e-01
2.952986359596252441e-01 7.047013640403747559e-01
7.391415238380432129e-01 2.608585059642791748e-01
6.223462820053100586e-01 3.776537477970123291e-01
7.458000779151916504e-01 2.541999220848083496e-01
5.511115863919258118e-02 9.448888301849365234e-01
5.544707775115966797e-01 4.455292224884033203e-01
6.068682298064231873e-02 9.393131732940673828e-01
8.732534050941467285e-01 1.267466098070144653e-01
1.652481555938720703e-01 8.347518444061279297e-01
7.455828785896301270e-01 2.544171512126922607e-01
5.909246802330017090e-01 4.090753495693206787e-01
5.850703120231628418e-01 4.149297177791595459e-01
6.193700432777404785e-01 3.806299567222595215e-01
6.353803873062133789e-01 3.646196424961090088e-01
5.543330907821655273e-01 4.456668794155120850e-01
2.920769453048706055e-01 7.079230546951293945e-01
5.441564321517944336e-01 4.558435678482055664e-01
4.066418111324310303e-01 5.933582186698913574e-01
5.268875360488891602e-01 4.731124341487884521e-01
2.972516715526580811e-01 7.027483582496643066e-01
8.877738565206527710e-02 9.112226366996765137e-01
5.731280446052551270e-01 4.268719553947448730e-01
6.448258161544799805e-01 3.551741540431976318e-01
3.038013279438018799e-01 6.961986422538757324e-01
6.082839369773864746e-01 3.917160332202911377e-01
6.193700432777404785e-01 3.806299567222595215e-01
6.280837655067443848e-01 3.719162642955780029e-01
4.233648777008056641e-01 5.766351222991943359e-01
8.159662485122680664e-01 1.840337216854095459e-01
3.481377661228179932e-01 6.518622040748596191e-01
5.557639598846435547e-01 4.442360699176788330e-01
4.560891985893249512e-01 5.439108014106750488e-01
3.754247426986694336e-01 6.245752573013305664e-01
5.631660819053649902e-01 4.368338882923126221e-01
4.989453852176666260e-01 5.010546445846557617e-01
9.235356003046035767e-02 9.076464176177978516e-01
2.239257842302322388e-01 7.760742306709289551e-01
1.867597997188568115e-01 8.132401704788208008e-01
4.853542149066925049e-01 5.146457552909851074e-01
8.161038160324096680e-01 1.838961690664291382e-01
4.574425220489501953e-01 5.425574779510498047e-01
6.730180382728576660e-01 3.269819319248199463e-01
3.678758442401885986e-01 6.321241259574890137e-01
2.366120517253875732e-01 7.633879780769348145e-01
4.521491825580596924e-01 5.478508472442626953e-01
5.633561611175537109e-01 4.366438388824462891e-01
6.004067063331604004e-01 3.995932936668395996e-01
7.031662464141845703e-01 2.968337535858154297e-01
1.827907562255859375e-01 8.172092437744140625e-01
2.395776361227035522e-01 7.604223489761352539e-01
7.831748723983764648e-01 2.168251127004623413e-01
6.193700432777404785e-01 3.806299567222595215e-01
4.953508973121643066e-01 5.046491026878356934e-01
4.769891500473022461e-01 5.230108499526977539e-01
8.210518360137939453e-01 1.789481490850448608e-01
7.330874800682067871e-01 2.669125199317932129e-01
7.417708635330200195e-01 2.582291066646575928e-01
8.397229313850402832e-01 1.602770835161209106e-01
5.296345949172973633e-01 4.703654050827026367e-01
1.096681952476501465e-01 8.903318047523498535e-01
6.143905520439147949e-01 3.856094479560852051e-01
3.380009233951568604e-01 6.619990468025207520e-01
6.600434184074401855e-01 3.399566113948822021e-01
9.468150138854980469e-02 9.053184986114501953e-01
6.924842596054077148e-01 3.075157105922698975e-01
7.838847637176513672e-01 2.161152213811874390e-01
2.043775916099548340e-01 7.956224083900451660e-01
3.675187826156616211e-01 6.324812173843383789e-01
1.971583217382431030e-01 8.028416633605957031e-01
1.659893393516540527e-01 8.340106606483459473e-01
5.159443020820617676e-01 4.840557277202606201e-01
6.292079091072082520e-01 3.707920610904693604e-01
6.788177490234375000e-01 3.211822211742401123e-01
9.561352431774139404e-02 9.043864607810974121e-01
6.892176270484924316e-01 3.107823729515075684e-01
5.713056921958923340e-01 4.286943078041076660e-01
4.529345035552978516e-01 5.470654964447021484e-01
7.064997553825378418e-01 2.935002744197845459e-01
7.795785069465637207e-01 2.204215079545974731e-01
7.040924429893493652e-01 2.959075570106506348e-01
5.837131738662719727e-01 4.162868261337280273e-01
4.857189655303955078e-01 5.142810344696044922e-01
5.871011018753051758e-01 4.128988981246948242e-01
9.309075474739074707e-01 6.909242272377014160e-02
2.507808506488800049e-01 7.492191791534423828e-01
3.161912560462951660e-01 6.838087439537048340e-01
6.193700432777404785e-01 3.806299567222595215e-01
4.488953053951263428e-01 5.511047244071960449e-01
5.298691391944885254e-01 4.701308608055114746e-01
7.446358203887939453e-01 2.553641796112060547e-01
3.473511040210723877e-01 6.526489257812500000e-01
3.152868449687957764e-01 6.847131252288818359e-01
1.222091540694236755e-01 8.777908682823181152e-01
8.715385198593139648e-01 1.284614652395248413e-01
3.146318793296813965e-01 6.853681206703186035e-01
3.203983902931213379e-01 6.796016097068786621e-01
2.383581250905990601e-01 7.616418600082397461e-01
6.952221989631652832e-01 3.047777712345123291e-01
6.193700432777404785e-01 3.806299567222595215e-01
7.534382343292236328e-01 2.465617805719375610e-01
3.578399419784545898e-01 6.421600580215454102e-01
5.634063482284545898e-01 4.365936517715454102e-01
6.008636355400085449e-01 3.991363644599914551e-01
4.536105394363403320e-01 5.463894605636596680e-01
4.123212024569511414e-02 9.587678909301757812e-01
7.735181450843811035e-01 2.264818698167800903e-01
5.557933449745178223e-01 4.442066848278045654e-01
4.031969308853149414e-01 5.968030691146850586e-01
5.058836340904235840e-01 4.941163361072540283e-01
4.617985188961029053e-01 5.382014513015747070e-01
4.105672538280487061e-01 5.894327163696289062e-01
2.807151675224304199e-01 7.192848324775695801e-01
7.253540754318237305e-01 2.746459543704986572e-01
5.235030651092529297e-01 4.764969646930694580e-01
7.239972800016403198e-02 9.276002645492553711e-01
5.572724938392639160e-01 4.427275359630584717e-01
7.052184343338012695e-01 2.947815656661987305e-01
6.193700432777404785e-01 3.806299567222595215e-01
9.268271923065185547e-01 7.317279279232025146e-02
6.095197796821594238e-01 3.904801905155181885e-01
7.546200156211853027e-01 2.453799843788146973e-01
5.747876167297363281e-01 4.252123534679412842e-01
6.715073585510253906e-01 3.284926712512969971e-01
4.222669005393981934e-01 5.777330994606018066e-01
9.188997745513916016e-02 9.081100225448608398e-01
2.490689158439636230e-01 7.509310841560363770e-01
7.673307657241821289e-01 2.326692491769790649e-01
5.357291698455810547e-01 4.642708599567413330e-01
7.157479524612426758e-01 2.842520475387573242e-01
4.515973031520843506e-01 5.484026670455932617e-01
6.788177490234375000e-01 3.211822211742401123e-01
6.567413806915283203e-01 3.432586491107940674e-01
3.689991235733032227e-01 6.310008764266967773e-01
1.591472178697586060e-01 8.408527970314025879e-01
5.152400135993957520e-01 4.847599864006042480e-01
3.364225924015045166e-01 6.635774374008178711e-01
1.302898023277521133e-02 9.869710206985473633e-01
6.262601166963577271e-02 9.373739957809448242e-01
4.375888779759407043e-02 9.562411308288574219e-01
1.471922397613525391e-01 8.528077602386474609e-01
1.480033993721008301e-01 8.519966006278991699e-01
4.760167896747589111e-01 5.239832401275634766e-01
7.057882845401763916e-02 9.294211864471435547e-01
4.972636103630065918e-01 5.027363896369934082e-01
1.598187685012817383e-01 8.401812314987182617e-01
2.988382577896118164e-01 7.011617422103881836e-01
6.411856412887573242e-01 3.588143885135650635e-01
1.389883607625961304e-01 8.610116243362426758e-01
6.347886323928833008e-01 3.652113378047943115e-01
7.292803525924682617e-01 2.707196772098541260e-01
3.120760619640350342e-01 6.879239082336425781e-01
8.668459057807922363e-01 1.331540942192077637e-01
6.099837422370910645e-01 3.900162279605865479e-01
7.610192298889160156e-01 2.389807701110839844e-01
5.408941507339477539e-01 4.591058492660522461e-01
6.193700432777404785e-01 3.806299567222595215e-01
9.758325666189193726e-02 9.024167656898498535e-01
4.923844039440155029e-01 5.076156258583068848e-01
3.398510217666625977e-01 6.601489782333374023e-01
5.808226466178894043e-01 4.191773235797882080e-01
6.005352139472961426e-01 3.994648158550262451e-01
7.188507318496704102e-01 2.811492681503295898e-01
6.167008280754089355e-01 3.832991421222686768e-01
8.462388515472412109e-01 1.537611335515975952e-01
5.281937122344970703e-01 4.718063175678253174e-01
8.003041744232177734e-01 1.996958404779434204e-01
7.280916571617126465e-01 2.719083130359649658e-01
2.220815569162368774e-01 7.779184579849243164e-01
8.222891390323638916e-02 9.177711009979248047e-01
5.139081478118896484e-01 4.860918819904327393e-01
3.009166568517684937e-02 9.699083566665649414e-01
4.435535371303558350e-01 5.564464926719665527e-01
2.402189970016479492e-01 7.597810029983520508e-01
6.058032512664794922e-01 3.941967189311981201e-01
8.301023840904235840e-01 1.698976010084152222e-01
7.710638642311096191e-01 2.289361059665679932e-01
8.021008968353271484e-02 9.197899103164672852e-01
3.898339867591857910e-01 6.101660132408142090e-01
6.734077334403991699e-01 3.265922367572784424e-01
6.755403876304626465e-01 3.244596421718597412e-01
8.404076099395751953e-02 9.159592390060424805e-01
4.203884601593017578e-01 5.796115398406982422e-01
2.309485971927642822e-01 7.690514326095581055e-01
1.118760406970977783e-01 8.881239295005798340e-01
5.900683999061584473e-01 4.099315702915191650e-01
1.492860317230224609e-01 8.507139682769775391e-01
1.784999668598175049e-01 8.215000629425048828e-01
6.193700432777404785e-01 3.806299567222595215e-01
2.160775512456893921e-01 7.839224338531494141e-01
4.692847132682800293e-01 5.307152867317199707e-01
6.581984758377075195e-01 3.418015241622924805e-01
7.279129624366760254e-01 2.720870673656463623e-01
6.193994283676147461e-01 3.806005418300628662e-01
4.042927622795104980e-01 5.957072377204895020e-01
1.446867734193801880e-01 8.553132414817810059e-01
7.104023694992065430e-01 2.895976305007934570e-01
3.418822586536407471e-01 6.581177711486816406e-01
5.785942077636718750e-01 4.214058220386505127e-01
7.226194143295288086e-01 2.773805856704711914e-01
6.770029067993164062e-01 3.229970633983612061e-01
7.144037485122680664e-01 2.855962812900543213e-01
2.502735555171966553e-01 7.497264742851257324e-01
6.289427876472473145e-01 3.710571825504302979e-01
2.234143912792205811e-01 7.765855789184570312e-01
5.079625248908996582e-01 4.920375049114227295e-01
6.752324700355529785e-01 3.247675299644470215e-01
4.549866020679473877e-01 5.450134277343750000e-01
2.931298911571502686e-01 7.068701386451721191e-01
5.525944754481315613e-02 9.447405338287353516e-01
4.613247215747833252e-01 5.386753082275390625e-01
8.390860557556152344e-01 1.609139591455459595e-01
1.472458690404891968e-01 8.527541160583496094e-01
8.064465522766113281e-01 1.935534477233886719e-01
4.365067183971405029e-01 5.634933114051818848e-01
6.480745077133178711e-01 3.519255220890045166e-01
2.284047156572341919e-01 7.715952992439270020e-01
8.821796178817749023e-01 1.178203672170639038e-01
6.859909296035766602e-01 3.140090703964233398e-01
6.844566464424133301e-01 3.155433237552642822e-01
7.663782238960266113e-01 2.336217761039733887e-01
3.127760291099548340e-01 6.872239708900451660e-01
6.807432323694229126e-02 9.319256544113159180e-01
6.756216287612915039e-01 3.243784010410308838e-01
8.321801424026489258e-01 1.678198724985122681e-01
5.341777205467224121e-01 4.658223092555999756e-01
2.235723733901977539e-01 7.764276266098022461e-01
4.878441393375396729e-01 5.121558308601379395e-01
6.786060333251953125e-01 3.213939666748046875e-01
4.916374981403350830e-01 5.083624720573425293e-01
8.755791187286376953e-02 9.124420881271362305e-01
7.093809247016906738e-01 2.906190752983093262e-01
6.193700432777404785e-01 3.806299567222595215e-01
3.220476210117340088e-01 6.779524087905883789e-01
7.158253192901611328e-01 2.841747105121612549e-01
3.697296679019927979e-01 6.302703022956848145e-01
1.898621320724487305e-01 8.101378679275512695e-01
4.586736559867858887e-01 5.413263440132141113e-01
3.877786099910736084e-01 6.122214198112487793e-01
4.628754258155822754e-01 5.371245741844177246e-01
8.189601302146911621e-01 1.810398548841476440e-01
1.531485319137573242e-01 8.468514680862426758e-01
7.808613777160644531e-01 2.191386371850967407e-01
7.713652849197387695e-01 2.286346852779388428e-01
1.729035079479217529e-01 8.270964622497558594e-01
3.134681880474090576e-01 6.865318417549133301e-01
3.437477350234985352e-01 6.562522649765014648e-01
8.662874996662139893e-02 9.133712649345397949e-01
2.794328927993774414e-01 7.205671072006225586e-01
5.624080300331115723e-01 4.375919699668884277e-01
3.866327106952667236e-01 6.133673191070556641e-01
2.192386090755462646e-01 7.807614207267761230e-01
5.853587388992309570e-01 4.146412611007690430e-01
6.090701222419738770e-01 3.909299075603485107e-01
7.053955197334289551e-01 2.946045100688934326e-01
3.928487896919250488e-01 6.071512103080749512e-01
8.589300513267517090e-01 1.410699486732482910e-01
6.970675587654113770e-01 3.029324710369110107e-01
5.392738580703735352e-01 4.607261419296264648e-01
2.145399600267410278e-01 7.854600548744201660e-01
3.671519756317138672e-01 6.328480243682861328e-01
5.701570510864257812e-01 4.298429787158966064e-01
4.412829577922821045e-01 5.587170124053955078e-01
6.240519285202026367e-01 3.759481012821197510e-01
5.297310352325439453e-01 4.702689945697784424e-01
4.106402695178985596e-01 5.893597602844238281e-01
5.652691125869750977e-01 4.347308874130249023e-01
2.245076596736907959e-01 7.754923105239868164e-01
4.982623159885406494e-01 5.017376542091369629e-01
6.193700432777404785e-01 3.806299567222595215e-01
3.998727500438690186e-01 6.001272201538085938e-01
7.344897389411926270e-01 2.655102908611297607e-01
4.221652150154113770e-01 5.778347849845886230e-01
2.078684121370315552e-01 7.921316027641296387e-01
8.839579224586486816e-01 1.160420626401901245e-01
2.234745621681213379e-01 7.765254378318786621e-01
5.761666297912597656e-01 4.238333404064178467e-01
6.909326314926147461e-01 3.090673685073852539e-01
3.453761935234069824e-01 6.546238064765930176e-01
5.213239192962646484e-01 4.786760807037353516e-01
6.710212826728820801e-01 3.289786875247955322e-01
7.562442421913146973e-01 2.437557578086853027e-01
6.177312135696411133e-01 3.822687566280364990e-01
2.075591385364532471e-01 7.924408912658691406e-01
2.008083313703536987e-01 7.991916537284851074e-01
6.422301530838012695e-01 3.577698469161987305e-01
7.869935035705566406e-01 2.130065113306045532e-01
7.968822717666625977e-01 2.031177282333374023e-01
1.631543599069118500e-02 9.836845397949218750e-01
5.594336390495300293e-01 4.405663609504699707e-01
5.001643300056457520e-01 4.998356997966766357e-01
5.189451575279235840e-01 4.810548424720764160e-01
8.537071198225021362e-02 9.146292805671691895e-01
6.080341935157775879e-01 3.919658064842224121e-01
6.860527396202087402e-01 3.139472603797912598e-01
7.943646311759948730e-01 2.056353688240051270e-01
2.436735033988952637e-01 7.563264966011047363e-01
5.090456604957580566e-01 4.909543395042419434e-01
4.808914959430694580e-01 5.191084742546081543e-01
5.328940153121948242e-01 4.671059548854827881e-01
9.253094345331192017e-02 9.074690341949462891e-01
7.275625467300415039e-01 2.724374532699584961e-01
9.947944432497024536e-02 9.005205631256103516e-01
1.932370513677597046e-01 8.067629337310791016e-01
4.375781416893005371e-01 5.624218583106994629e-01
6.629062294960021973e-01 3.370937407016754150e-01
6.931352615356445312e-01 3.068647384643554688e-01
3.859929442405700684e-01 6.140070557594299316e-01
8.001028299331665039e-01 1.998971700668334961e-01
8.227250576019287109e-01 1.772749423980712891e-01
6.051006913185119629e-01 3.948992788791656494e-01
5.103751420974731445e-01 4.896248281002044678e-01
4.914649724960327148e-01 5.085350275039672852e-01
8.708121180534362793e-01 1.291878819465637207e-01
5.487958714365959167e-02 9.451203942298889160e-01
2.040255665779113770e-01 7.959744334220886230e-01
6.193700432777404785e-01 3.806299567222595215e-01
1.853983551263809204e-01 8.146016597747802734e-01
6.313939094543457031e-01 3.686060607433319092e-01
6.222921013832092285e-01 3.777079284191131592e-01
7.029552459716796875e-01 2.970447838306427002e-01
6.526530385017395020e-01 3.473469913005828857e-01
6.018809080123901367e-01 3.981190621852874756e-01
6.911259293556213379e-01 3.088740706443786621e-01
4.039503633975982666e-01 5.960496664047241211e-01
2.168932855129241943e-01 7.831067442893981934e-01
2.308964431285858154e-01 7.691035270690917969e-01
1.849867999553680420e-01 8.150131702423095703e-01
5.911943912506103516e-01 4.088056385517120361e-01
5.549655556678771973e-01 4.450344443321228027e-01
3.185474872589111328e-01 6.814525127410888672e-01
8.305310010910034180e-01 1.694690138101577759e-01
5.624270439147949219e-01 4.375729560852050781e-01
3.196426928043365479e-01 6.803573369979858398e-01
8.519994020462036133e-01 1.480005979537963867e-01
2.850671410560607910e-01 7.149328589439392090e-01
8.194416761398315430e-01 1.805582940578460693e-01
4.390799999237060547e-01 5.609200000762939453e-01
3.803777396678924561e-01 6.196222305297851562e-01
7.007967829704284668e-01 2.992031872272491455e-01
5.306966304779052734e-01 4.693033397197723389e-01
2.098224908113479614e-01 7.901775240898132324e-01
7.510927915573120117e-01 2.489072233438491821e-01
3.536141216754913330e-01 6.463858485221862793e-01
2.003207802772521973e-02 9.799678921699523926e-01
3.426177203655242920e-01 6.573822498321533203e-01
6.777694821357727051e-01 3.222305178642272949e-01
5.813704058527946472e-02 9.418629407882690430e-01
9.318780899047851562e-02 9.068121910095214844e-01
3.776377737522125244e-01 6.223622560501098633e-01
3.636395931243896484e-01 6.363604068756103516e-01
5.900843143463134766e-01 4.099156856536865234e-01
5.184251666069030762e-01 4.815748333930969238e-01
4.428992867469787598e-01 5.571007132530212402e-01
4.057434201240539551e-01 5.942565798759460449e-01
5.625981688499450684e-01 4.374018311500549316e-01
2.802220880985260010e-01 7.197778820991516113e-01
5.386569499969482422e-01 4.613430500030517578e-01
3.164411485195159912e-01 6.835588812828063965e-01
4.863484501838684082e-01 5.136515498161315918e-01
2.763690650463104248e-01 7.236309051513671875e-01
6.788177490234375000e-01 3.211822211742401123e-01
5.049141645431518555e-01 4.950858056545257568e-01
6.606075167655944824e-01 3.393924832344055176e-01
4.506035447120666504e-01 5.493964552879333496e-01
8.236290812492370605e-01 1.763709336519241333e-01
1.930352300405502319e-01 8.069647550582885742e-01
6.278263926506042480e-01 3.721736073493957520e-01
4.528104662895202637e-01 5.471895337104797363e-01
5.297061204910278320e-01 4.702938795089721680e-01
7.772554755210876465e-01 2.227445393800735474e-01
6.798408627510070801e-01 3.201591074466705322e-01
2.577112913131713867e-01 7.422887086868286133e-01
2.176025956869125366e-01 7.823973894119262695e-01
5.131082534790039062e-01 4.868917763233184814e-01
8.157933354377746582e-01 1.842066496610641479e-01
7.970687747001647949e-01 2.029312103986740112e-01
7.263908982276916504e-01 2.736091017723083496e-01
6.869259476661682129e-01 3.130740523338317871e-01
5.648981332778930664e-01 4.351018369197845459e-01
4.214603900909423828e-01 5.785396099090576172e-01
5.500424504280090332e-01 4.499575495719909668e-01
7.181492447853088379e-01 2.818507552146911621e-01
5.599169135093688965e-01 4.400830864906311035e-01
2.129202038049697876e-01 7.870798110961914062e-01
2.698042690753936768e-01 7.301957011222839355e-01
3.108106851577758789e-01 6.891893148422241211e-01
7.676671743392944336e-01 2.323328256607055664e-01
6.786060333251953125e-01 3.213939666748046875e-01
2.507851123809814453e-01 7.492148876190185547e-01
8.234634399414062500e-01 1.765365451574325562e-01
3.552859425544738770e-01 6.447140574455261230e-01
3.847540616989135742e-01 6.152459383010864258e-01
5.420023202896118164e-01 4.579976797103881836e-01
3.468178212642669678e-01 6.531821489334106445e-01
4.820118248462677002e-01 5.179881453514099121e-01
3.146242350339889526e-02 9.685375690460205078e-01
5.209637880325317383e-01 4.790362119674682617e-01
9.040368199348449707e-01 9.596319496631622314e-02
8.059322834014892578e-01 1.940677165985107422e-01
7.821356058120727539e-01 2.178644239902496338e-01
6.520996689796447754e-01 3.479003310203552246e-01
7.556322813034057617e-01 2.443677186965942383e-01
8.683999627828598022e-02 9.131600260734558105e-01
3.137921094894409180e-01 6.862078905105590820e-01
2.543071210384368896e-01 7.456928491592407227e-01
7.690632343292236328e-01 2.309367805719375610e-01
6.262601166963577271e-02 9.373739957809448242e-01
3.567595183849334717e-01 6.432405114173889160e-01
6.913583278656005859e-01 3.086417019367218018e-01
6.973877549171447754e-01 3.026122748851776123e-01
3.121305406093597412e-01 6.878694891929626465e-01
6.213629245758056641e-01 3.786370456218719482e-01
8.815065026283264160e-02 9.118493199348449707e-01
3.960048258304595947e-01 6.039952039718627930e-01
5.263948440551757812e-01 4.736051559448242188e-01
2.326211482286453247e-01 7.673788666725158691e-01
2.824221551418304443e-01 7.175778746604919434e-01
5.294007062911987305e-01 4.705992937088012695e-01
2.376694977283477783e-01 7.623304724693298340e-01
4.117154181003570557e-01 5.882846117019653320e-01
4.525101780891418457e-01 5.474898219108581543e-01
5.053286552429199219e-01 4.946713149547576904e-01
5.189794898033142090e-01 4.810205101966857910e-01
8.126748800277709961e-01 1.873251199722290039e-01
4.171494543552398682e-01 5.828505754470825195e-01
3.516997396945953369e-01 6.483002901077270508e-01
7.547608613967895508e-01 2.452391237020492554e-01
2.723853290081024170e-01 7.276146411895751953e-01
2.822889089584350586e-01 7.177110910415649414e-01
5.553187727928161621e-01 4.446812272071838379e-01
4.798184931278228760e-01 5.201814770698547363e-01
5.397466421127319336e-01 4.602533280849456787e-01
6.648339629173278809e-01 3.351660370826721191e-01
1.667296886444091797e-01 8.332703113555908203e-01
6.876952648162841797e-01 3.123047649860382080e-01
2.199600189924240112e-01 7.800399661064147949e-01
7.727330923080444336e-01 2.272669225931167603e-01
2.574836015701293945e-01 7.425163984298706055e-01
2.907688617706298828e-01 7.092311382293701172e-01
5.564096570014953613e-01 4.435903429985046387e-01
5.125198960304260254e-01 4.874800741672515869e-01
3.313168287277221680e-01 6.686831712722778320e-01
2.140178829431533813e-01 7.859821319580078125e-01
6.849910616874694824e-01 3.150089681148529053e-01
6.088141202926635742e-01 3.911858499050140381e-01
7.087690234184265137e-01 2.912309467792510986e-01
2.058044970035552979e-01 7.941955327987670898e-01
7.986782491207122803e-02 9.201321601867675781e-01
7.453302145004272461e-01 2.546697854995727539e-01
3.049668669700622559e-01 6.950331330299377441e-01
7.632187604904174805e-01 2.367812246084213257e-01
4.952102601528167725e-01 5.047897100448608398e-01
6.859442591667175293e-01 3.140557408332824707e-01
8.069941997528076172e-01 1.930058151483535767e-01
5.251696705818176270e-01 4.748303592205047607e-01
3.139676451683044434e-01 6.860323548316955566e-01
7.023397684097290039e-01 2.976602315902709961e-01
4.310771226882934570e-01 5.689228773117065430e-01
1.765329837799072266e-01 8.234670162200927734e-01
6.194787621498107910e-01 3.805212378501892090e-01
3.858523368835449219e-01 6.141476631164550781e-01
6.460142135620117188e-01 3.539857864379882812e-01
5.574059486389160156e-01 4.425940811634063721e-01
8.836362957954406738e-01 1.163636818528175354e-01
5.443670749664306641e-01 4.556328952312469482e-01
2.901100218296051025e-01 7.098900079727172852e-01
2.433949261903762817e-01 7.566050887107849121e-01
6.584339737892150879e-01 3.415660262107849121e-01
2.766086161136627197e-01 7.233914136886596680e-01
6.262601166963577271e-02 9.373739957809448242e-01
6.145111918449401855e-01 3.854887783527374268e-01
6.146667003631591797e-01 3.853332996368408203e-01
4.035815596580505371e-01 5.964184403419494629e-01
5.538572072982788086e-01 4.461427628993988037e-01
6.866051554679870605e-01 3.133948445320129395e-01
4.456771016120910645e-01 5.543228983879089355e-01
4.701327383518218994e-01 5.298672318458557129e-01
6.193700432777404785e-01 3.806299567222595215e-01
7.624924778938293457e-01 2.375074923038482666e-01
5.952219963073730469e-01 4.047779738903045654e-01
8.427721261978149414e-01 1.572278589010238647e-01
6.193700432777404785e-01 3.806299567222595215e-01
6.630172729492187500e-01 3.369827568531036377e-01
4.027208685874938965e-01 5.972791314125061035e-01
2.689748704433441162e-01 7.310250997543334961e-01
4.381967186927795410e-01 5.618032813072204590e-01
2.624922990798950195e-01 7.375077009201049805e-01
9.089207053184509277e-01 9.107927978038787842e-02
6.510055661201477051e-01 3.489944040775299072e-01
2.156974822282791138e-01 7.843025326728820801e-01
6.107905507087707520e-01 3.892094492912292480e-01
5.388041138648986816e-01 4.611958861351013184e-01
4.827641546726226807e-01 5.172358155250549316e-01
6.514711976051330566e-01 3.485288321971893311e-01
1.499917060136795044e-01 8.500083088874816895e-01
2.541351020336151123e-01 7.458649277687072754e-01
1.132292002439498901e-01 8.867707848548889160e-01
2.701683938503265381e-01 7.298315763473510742e-01
6.513651013374328613e-01 3.486348688602447510e-01
8.461931347846984863e-01 1.538068652153015137e-01
4.489191770553588867e-01 5.510808229446411133e-01
4.773716926574707031e-01 5.226283073425292969e-01
2.372676879167556763e-01 7.627323269844055176e-01
5.807934403419494629e-01 4.192065596580505371e-01
4.002487957477569580e-01 5.997512340545654297e-01
6.710048913955688477e-01 3.289951086044311523e-01
5.126898288726806641e-01 4.873101413249969482e-01
2.446988821029663086e-01 7.553011178970336914e-01
4.783275723457336426e-01 5.216724276542663574e-01
2.513223327696323395e-02 9.748677611351013184e-01
7.069179415702819824e-01 2.930820882320404053e-01
5.037660151720046997e-02 9.496234059333801270e-01
1.969818323850631714e-01 8.030181527137756348e-01
2.641559243202209473e-01 7.358440756797790527e-01
7.605163455009460449e-01 2.394836694002151489e-01
6.260904669761657715e-01 3.739095330238342285e-01
4.655058085918426514e-01 5.344942212104797363e-01
3.064415752887725830e-01 6.935583949089050293e-01
3.766792416572570801e-01 6.233207583427429199e-01
6.743353009223937988e-01 3.256646692752838135e-01
2.833626568317413330e-01 7.166373729705810547e-01
6.930573582649230957e-01 3.069426119327545166e-01
1.550821363925933838e-01 8.449178934097290039e-01
6.964251399040222168e-01 3.035748600959777832e-01
1.454368084669113159e-01 8.545631766319274902e-01
5.243390798568725586e-01 4.756609201431274414e-01
8.545102477073669434e-01 1.454897373914718628e-01
4.432799294590950012e-02 9.556720256805419922e-01
5.277488827705383301e-01 4.722511172294616699e-01
3.418190181255340576e-01 6.581809520721435547e-01
7.537770271301269531e-01 2.462229579687118530e-01
3.208800852298736572e-01 6.791198849678039551e-01
3.309237957000732422e-01 6.690762042999267578e-01
2.360068708658218384e-01 7.639931440353393555e-01
3.754247426986694336e-01 6.245752573013305664e-01
5.334869027137756348e-01 4.665130674839019775e-01
3.274892568588256836e-01 6.725107431411743164e-01
4.344881772994995117e-01 5.655118227005004883e-01
4.285130798816680908e-01 5.714869499206542969e-01
7.356854081153869629e-01 2.643146216869354248e-01
9.074626117944717407e-02 9.092537164688110352e-01
3.181413710117340088e-01 6.818586587905883789e-01
3.583971560001373291e-01 6.416028141975402832e-01
4.844391345977783203e-01 5.155608654022216797e-01
3.213116824626922607e-01 6.786883473396301270e-01
5.752726197242736816e-01 4.247274100780487061e-01
8.784475326538085938e-01 1.215524524450302124e-01
4.902229309082031250e-01 5.097770690917968750e-01
6.135319471359252930e-01 3.864680528640747070e-01
4.021697044372558594e-01 5.978302955627441406e-01
2.839400172233581543e-01 7.160599827766418457e-01
6.507793068885803223e-01 3.492206931114196777e-01
1.476669609546661377e-01 8.523330688476562500e-01
5.230846405029296875e-01 4.769153296947479248e-01
6.440449357032775879e-01 3.559550940990447998e-01
6.123546361923217773e-01 3.876453638076782227e-01
3.708296418190002441e-01 6.291703581809997559e-01
6.773974895477294922e-01 3.226025104522705078e-01
6.382210850715637207e-01 3.617789149284362793e-01
5.729496479034423828e-01 4.270503222942352295e-01
3.633310198783874512e-01 6.366689801216125488e-01
4.967719316482543945e-01 5.032280683517456055e-01
1.145455837249755859e-01 8.854544162750244141e-01
4.083378314971923828e-01 5.916621685028076172e-01
7.578033208847045898e-01 2.421966493129730225e-01
4.749559462070465088e-01 5.250440239906311035e-01
8.321281075477600098e-01 1.678719073534011841e-01
4.775124490261077881e-01 5.224875211715698242e-01
4.300124645233154297e-01 5.699875354766845703e-01
1.746419966220855713e-01 8.253580331802368164e-01
1.890492588281631470e-01 8.109507560729980469e-01
8.456239700317382812e-01 1.543760299682617188e-01
6.876065135002136230e-01 3.123934566974639893e-01
5.380363464355468750e-01 4.619636535644531250e-01
5.670894980430603027e-01 4.329105019569396973e-01
7.337392866611480713e-02 9.266260862350463867e-01
6.454132795333862305e-01 3.545866906642913818e-01
5.760887265205383301e-02 9.423910975456237793e-01
5.042163133621215820e-01 4.957837164402008057e-01
5.910966396331787109e-01 4.089033603668212891e-01
5.746569037437438965e-01 4.253430664539337158e-01
6.380712389945983887e-01 3.619287312030792236e-01
5.239678025245666504e-01 4.760322272777557373e-01
8.442034721374511719e-01 1.557964980602264404e-01
6.219187974929809570e-01 3.780812025070190430e-01
3.106889426708221436e-01 6.893110871315002441e-01
6.483738422393798828e-01 3.516261577606201172e-01
3.881499469280242920e-01 6.118500232696533203e-01
6.682162880897521973e-01 3.317837119102478027e-01
3.413878083229064941e-01 6.586121916770935059e-01
8.025391101837158203e-01 1.974608898162841797e-01
8.942458778619766235e-02 9.105753898620605469e-01
4.527938365936279297e-01 5.472061634063720703e-01
7.424301505088806152e-01 2.575698792934417725e-01
4.781598225235939026e-02 9.521840214729309082e-01
6.384339928627014160e-01 3.615660071372985840e-01
6.852421164512634277e-01 3.147579133510589600e-01
1.774735450744628906e-01 8.225264549255371094e-01
3.723547160625457764e-01 6.276453137397766113e-01
7.668742537498474121e-01 2.331257462501525879e-01
2.697045803070068359e-01 7.302954196929931641e-01
4.288682937622070312e-01 5.711317062377929688e-01
3.375503122806549072e-01 6.624496579170227051e-01
2.846091091632843018e-01 7.153909206390380859e-01
8.119619488716125488e-01 1.880380809307098389e-01
2.043752521276473999e-01 7.956247329711914062e-01
4.994391649961471558e-02 9.500560760498046875e-01
6.290612816810607910e-01 3.709386885166168213e-01
3.996106982231140137e-01 6.003893017768859863e-01
6.787058115005493164e-01 3.212941884994506836e-01
1.496223062276840210e-01 8.503776788711547852e-01
4.038687646389007568e-01 5.961312651634216309e-01
2.178741097450256348e-01 7.821258902549743652e-01
8.801158070564270020e-01 1.198841780424118042e-01
6.157352924346923828e-01 3.842647373676300049e-01
2.725662291049957275e-01 7.274338006973266602e-01
2.234143912792205811e-01 7.765855789184570312e-01
7.412785291671752930e-01 2.587214708328247070e-01
2.185201346874237061e-01 7.814798355102539062e-01
2.969114780426025391e-01 7.030885219573974609e-01
5.047550797462463379e-01 4.952449202537536621e-01
6.201303005218505859e-01 3.798696696758270264e-01
6.788177490234375000e-01 3.211822211742401123e-01
5.010311603546142578e-01 4.989688396453857422e-01
8.558655381202697754e-01 1.441344618797302246e-01
2.272199839353561401e-01 7.727800011634826660e-01
1.309745013713836670e-01 8.690255284309387207e-01
4.970439970493316650e-01 5.029560327529907227e-01
2.960970103740692139e-01 7.039030194282531738e-01
7.192559242248535156e-01 2.807440459728240967e-01
7.138209342956542969e-01 2.861790359020233154e-01
8.089506030082702637e-01 1.910493969917297363e-01
3.703550398349761963e-01 6.296449303627014160e-01
6.672418713569641113e-01 3.327581286430358887e-01
5.132361054420471191e-01 4.867638945579528809e-01
8.271341919898986816e-01 1.728658378124237061e-01
6.585218906402587891e-01 3.414781093597412109e-01
8.862452507019042969e-01 1.137547492980957031e-01
4.964829683303833008e-01 5.035170316696166992e-01
4.673163294792175293e-01 5.326836705207824707e-01
5.096697211265563965e-01 4.903303086757659912e-01
6.401392221450805664e-01 3.598607778549194336e-01
6.193700432777404785e-01 3.806299567222595215e-01
4.220562577247619629e-01 5.779437422752380371e-01
7.322586178779602051e-01 2.677413523197174072e-01
8.639293313026428223e-01 1.360706537961959839e-01
4.137546122074127197e-01 5.862453579902648926e-01
5.762228742241859436e-02 9.423776865005493164e-01
8.373640775680541992e-01 1.626359224319458008e-01
2.392395138740539551e-01 7.607604861259460449e-01
2.667897045612335205e-01 7.332102656364440918e-01
5.176175832748413086e-01 4.823823869228363037e-01
6.069357395172119141e-01 3.930642604827880859e-01
6.310813426971435547e-01 3.689186871051788330e-01
5.300435423851013184e-01 4.699564576148986816e-01
4.460077583789825439e-01 5.539922118186950684e-01
5.583826899528503418e-01 4.416172802448272705e-01
5.369781255722045898e-01 4.630218446254730225e-01
4.627741575241088867e-01 5.372258424758911133e-01
6.193700432777404785e-01 3.806299567222595215e-01
6.193700432777404785e-01 3.806299567222595215e-01
8.549269437789916992e-01 1.450730711221694946e-01
2.784152626991271973e-01 7.215847373008728027e-01
8.029757142066955566e-01 1.970242708921432495e-01
4.628868699073791504e-01 5.371131300926208496e-01
6.862124204635620117e-01 3.137875795364379883e-01
2.891430556774139404e-01 7.108569145202636719e-01
4.759476184844970703e-01 5.240523815155029297e-01
7.824097871780395508e-01 2.175902277231216431e-01
4.447028040885925293e-01 5.552971959114074707e-01
6.931174397468566895e-01 3.068825304508209229e-01
6.412130594253540039e-01 3.587869703769683838e-01
2.454707771539688110e-01 7.545292377471923828e-01
7.536877393722534180e-01 2.463122606277465820e-01
6.858241558074951172e-01 3.141758739948272705e-01
4.991421401500701904e-01 5.008578896522521973e-01
2.393801659345626831e-01 7.606198191642761230e-01
3.315576612949371338e-01 6.684423089027404785e-01
8.271341919898986816e-01 1.728658378124237061e-01
5.832707285881042480e-01 4.167292416095733643e-01
7.265971899032592773e-01 2.734028100967407227e-01
6.357831358909606934e-01 3.642168641090393066e-01
2.505723536014556885e-01 7.494276165962219238e-01
5.297864675521850586e-01 4.702135324478149414e-01
6.333096623420715332e-01 3.666903376579284668e-01
7.429474592208862305e-01 2.570525407791137695e-01
4.074435830116271973e-01 5.925564169883728027e-01
5.114800333976745605e-01 4.885199666023254395e-01
5.582569241523742676e-01 4.417431056499481201e-01
7.196936011314392090e-01 2.803063988685607910e-01
6.079050302505493164e-01 3.920949995517730713e-01
4.865419864654541016e-01 5.134580135345458984e-01
6.193700432777404785e-01 3.806299567222595215e-01
6.193700432777404785e-01 3.806299567222595215e-01
8.686943650245666504e-01 1.313056349754333496e-01
6.741744875907897949e-01 3.258255422115325928e-01
8.118940591812133789e-01 1.881059408187866211e-01
4.814342558383941650e-01 5.185657143592834473e-01
5.097317695617675781e-01 4.902682304382324219e-01
6.970436573028564453e-01 3.029563426971435547e-01
7.553383111953735352e-01 2.446616739034652710e-01
6.717417836189270020e-01 3.282582163810729980e-01
5.623275041580200195e-01 4.376724660396575928e-01
7.360540032386779785e-01 2.639459967613220215e-01
7.481801509857177734e-01 2.518198788166046143e-01
6.786060333251953125e-01 3.213939666748046875e-01
2.130914926528930664e-01 7.869085073471069336e-01
2.163461297750473022e-01 7.836538553237915039e-01
9.045356512069702148e-01 9.546436369419097900e-02
2.938782870769500732e-01 7.061216831207275391e-01
7.373946905136108398e-01 2.626053094863891602e-01
6.788177490234375000e-01 3.211822211742401123e-01
7.180480957031250000e-01 2.819519042968750000e-01
6.925429105758666992e-01 3.074570596218109131e-01
7.695152163505554199e-01 2.304847687482833862e-01
6.902110576629638672e-01 3.097889423370361328e-01
6.817672848701477051e-01 3.182326853275299072e-01
4.729180335998535156e-01 5.270819664001464844e-01
7.417874932289123535e-01 2.582125365734100342e-01
4.749612510204315186e-02 9.525038599967956543e-01
3.068728446960449219e-01 6.931271553039550781e-01
8.531954884529113770e-01 1.468045264482498169e-01
7.661685347557067871e-01 2.338314801454544067e-01
6.495026350021362305e-01 3.504973351955413818e-01
5.734001398086547852e-01 4.265998601913452148e-01
7.305091619491577148e-01 2.694908380508422852e-01
3.717563152313232422e-01 6.282436847686767578e-01
7.365972399711608887e-01 2.634027600288391113e-01
7.517253160476684570e-01 2.482746690511703491e-01
7.743708491325378418e-01 2.256291508674621582e-01
1.328290700912475586e-01 8.671709299087524414e-01
7.852076292037963867e-01 2.147923707962036133e-01
1.822594851255416870e-01 8.177404999732971191e-01
3.481987416744232178e-01 6.518012881278991699e-01
6.486296057701110840e-01 3.513703644275665283e-01
5.643683075904846191e-01 4.356316924095153809e-01
1.550673842430114746e-01 8.449326157569885254e-01
3.922413587570190430e-01 6.077586412429809570e-01
4.721875190734863281e-01 5.278124809265136719e-01
3.502629101276397705e-01 6.497370600700378418e-01
4.571616649627685547e-01 5.428383350372314453e-01
1.190969422459602356e-01 8.809030652046203613e-01
6.788177490234375000e-01 3.211822211742401123e-01
6.599929332733154297e-01 3.400070965290069580e-01
3.071109950542449951e-01 6.928890347480773926e-01
6.878143548965454102e-01 3.121856749057769775e-01
6.193700432777404785e-01 3.806299567222595215e-01
4.609707295894622803e-01 5.390293002128601074e-01
4.161419868469238281e-01 5.838580131530761719e-01
6.788177490234375000e-01 3.211822211742401123e-01
5.786570310592651367e-01 4.213429987430572510e-01
7.283838391304016113e-01 2.716161608695983887e-01
3.673295974731445312e-01 6.326704025268554688e-01
4.493823647499084473e-01 5.506176352500915527e-01
7.654373049736022949e-01 2.345626801252365112e-01
4.008792340755462646e-01 5.991207957267761230e-01
6.871128678321838379e-01 3.128871321678161621e-01
6.710076332092285156e-01 3.289923667907714844e-01
4.679098725318908691e-01 5.320901274681091309e-01
2.528047859668731689e-01 7.471951842308044434e-01
7.557777762413024902e-01 2.442221939563751221e-01
3.391011357307434082e-01 6.608988642692565918e-01
3.563005626201629639e-01 6.436994075775146484e-01
3.918531164526939392e-02 9.608147144317626953e-01
9.640443325042724609e-02 9.035955667495727539e-01
6.987071633338928223e-01 3.012928366661071777e-01
5.335474610328674316e-01 4.664525091648101807e-01
6.319409012794494629e-01 3.680590987205505371e-01
5.821415185928344727e-01 4.178585112094879150e-01
6.788177490234375000e-01 3.211822211742401123e-01
2.663291394710540771e-01 7.336708903312683105e-01
2.471387088298797607e-01 7.528612613677978516e-01
7.175071835517883301e-01 2.824928164482116699e-01
4.082507491111755371e-01 5.917492508888244629e-01
6.564565896987915039e-01 3.435434103012084961e-01
5.486796498298645020e-01 4.513203799724578857e-01
6.193700432777404785e-01 3.806299567222595215e-01
5.270708799362182617e-01 4.729291498661041260e-01
4.371245801448822021e-01 5.628753900527954102e-01
6.001797318458557129e-01 3.998202383518218994e-01
1.643131226301193237e-01 8.356868624687194824e-01
5.882239937782287598e-01 4.117760360240936279e-01
7.451922297477722168e-01 2.548077702522277832e-01
4.422122836112976074e-01 5.577877163887023926e-01
6.754779219627380371e-01 3.245220482349395752e-01
6.786060333251953125e-01 3.213939666748046875e-01
5.421136021614074707e-01 4.578864276409149170e-01
7.039802670478820801e-01 2.960197627544403076e-01
7.254802584648132324e-01 2.745197415351867676e-01
2.801811993122100830e-01 7.198188304901123047e-01
6.625282168388366699e-01 3.374717533588409424e-01
7.941476106643676758e-01 2.058523744344711304e-01
7.593663334846496582e-01 2.406336367130279541e-01
4.231485724449157715e-01 5.768514275550842285e-01
8.252846002578735352e-01 1.747154146432876587e-01
2.246344238519668579e-01 7.753655910491943359e-01
8.018617033958435059e-01 1.981382668018341064e-01
3.583810031414031982e-01 6.416190266609191895e-01
6.738747954368591309e-01 3.261251747608184814e-01
6.856423020362854004e-01 3.143576681613922119e-01
6.290259361267089844e-01 3.709740638732910156e-01
1.572650372982025146e-01 8.427349925041198730e-01
6.632976531982421875e-01 3.367023766040802002e-01
7.486749887466430664e-01 2.513250410556793213e-01
4.698075950145721436e-01 5.301923751831054688e-01
7.706976532936096191e-01 2.293023765087127686e-01
5.998257994651794434e-01 4.001742005348205566e-01
1.369287073612213135e-01 8.630713224411010742e-01
6.788177490234375000e-01 3.211822211742401123e-01
1.483550071716308594e-01 8.516449928283691406e-01
6.109799742698669434e-01 3.890200257301330566e-01
4.076653718948364258e-01 5.923346281051635742e-01
4.960442781448364258e-01 5.039557218551635742e-01
2.817776501178741455e-01 7.182223796844482422e-01
2.151255160570144653e-01 7.848744988441467285e-01
1.533782035112380981e-01 8.466218113899230957e-01
4.437480866909027100e-01 5.562518835067749023e-01
1.785915717482566833e-02 9.821408390998840332e-01
8.055546879768371582e-01 1.944453269243240356e-01
4.953961670398712158e-01 5.046038031578063965e-01
4.810186326503753662e-01 5.189813375473022461e-01
4.193434715270996094e-01 5.806565284729003906e-01
7.688197493553161621e-01 2.311802655458450317e-01
1.467770189046859741e-01 8.532229661941528320e-01
1.661881357431411743e-01 8.338118791580200195e-01
1.500207334756851196e-01 8.499792814254760742e-01
1.650812923908233643e-01 8.349187374114990234e-01
2.651961743831634521e-01 7.348037958145141602e-01
1.217318549752235413e-01 8.782681226730346680e-01
5.112672448158264160e-01 4.887327253818511963e-01
7.716952562332153320e-01 2.283047139644622803e-01
9.767624735832214355e-02 9.023237824440002441e-01
3.224585950374603271e-01 6.775413751602172852e-01
8.216220736503601074e-01 1.783779412508010864e-01
3.101203404366970062e-02 9.689879417419433594e-01
3.689402937889099121e-01 6.310597062110900879e-01
3.636694848537445068e-01 6.363304853439331055e-01
8.178006410598754883e-01 1.821993291378021240e-01
6.912192702293395996e-01 3.087807595729827881e-01
5.747010111808776855e-01 4.252989888191223145e-01
6.879203319549560547e-01 3.120796382427215576e-01
2.738324403762817383e-01 7.261675596237182617e-01
5.914603471755981445e-01 4.085396528244018555e-01
5.597029328346252441e-01 4.402970671653747559e-01
3.058596849441528320e-01 6.941403150558471680e-01
6.396347284317016602e-01 3.603652715682983398e-01
7.542865872383117676e-01 2.457133978605270386e-01
6.193700432777404785e-01 3.806299567222595215e-01
5.522770285606384277e-01 4.477229714393615723e-01
6.217130422592163086e-01 3.782869279384613037e-01
1.576529443264007568e-01 8.423470258712768555e-01
6.840515136718750000e-01 3.159485161304473877e-01
5.540993213653564453e-01 4.459007084369659424e-01
1.321634352207183838e-01 8.678365349769592285e-01
3.799417018890380859e-01 6.200582981109619141e-01
3.298376202583312988e-01 6.701623797416687012e-01
4.173807203769683838e-01 5.826192498207092285e-01
6.193700432777404785e-01 3.806299567222595215e-01
5.917886495590209961e-01 4.082113206386566162e-01
6.878143548965454102e-01 3.121856749057769775e-01
7.505217790603637695e-01 2.494782358407974243e-01
7.860474586486816406e-01 2.139525115489959717e-01
5.707163214683532715e-01 4.292836785316467285e-01
2.672317028045654297e-01 7.327682971954345703e-01
8.280888795852661133e-01 1.719111204147338867e-01
6.788177490234375000e-01 3.211822211742401123e-01
2.946570217609405518e-01 7.053429484367370605e-01
6.786060333251953125e-01 3.213939666748046875e-01
5.797589421272277832e-01 4.202410876750946045e-01
4.885109066963195801e-01 5.114890933036804199e-01
4.068005681037902832e-01 5.931994318962097168e-01
7.442172169685363770e-01 2.557827532291412354e-01
6.788177490234375000e-01 3.211822211742401123e-01
2.245378047227859497e-01 7.754622101783752441e-01
7.679671645164489746e-01 2.320328205823898315e-01
5.333366990089416504e-01 4.666633307933807373e-01
9.012565016746520996e-01 9.874352067708969116e-02
2.489190921187400818e-02 9.751080870628356934e-01
3.186089098453521729e-01 6.813910603523254395e-01
3.461706340312957764e-01 6.538293957710266113e-01
5.805730223655700684e-01 4.194269776344299316e-01
1.606384515762329102e-01 8.393615484237670898e-01
7.943708896636962891e-01 2.056290954351425171e-01
6.894888281822204590e-01 3.105111718177795410e-01
9.885602444410324097e-02 9.011439681053161621e-01
2.956550121307373047e-01 7.043449878692626953e-01
3.006921410560607910e-01 6.993078589439392090e-01
6.776254773139953613e-01 3.223745226860046387e-01
6.314104199409484863e-01 3.685895800590515137e-01
6.262601166963577271e-02 9.373739957809448242e-01
7.330284714698791504e-01 2.669715285301208496e-01
4.707044661045074463e-01 5.292955040931701660e-01
7.791641354560852051e-02 9.220836162567138672e-01
7.298089861869812012e-01 2.701910138130187988e-01
2.334859520196914673e-01 7.665140628814697266e-01
1.109357029199600220e-01 8.890643119812011719e-01
7.649515867233276367e-01 2.350484132766723633e-01
5.203887224197387695e-01 4.796113073825836182e-01
6.133030056953430176e-01 3.866970241069793701e-01
5.324950218200683594e-01 4.675050079822540283e-01
3.957727849483489990e-01 6.042271852493286133e-01
2.232628464698791504e-01 7.767371535301208496e-01
2.346686124801635742e-01 7.653313875198364258e-01
6.617484688758850098e-01 3.382515311241149902e-01
5.162820816040039062e-01 4.837179481983184814e-01
8.011283874511718750e-01 1.988716125488281250e-01
3.228595256805419922e-01 6.771404743194580078e-01
7.171022891998291016e-01 2.828976809978485107e-01
3.917768299579620361e-01 6.082231402397155762e-01
6.016042828559875488e-02 9.398396015167236328e-01
1.847623437643051147e-01 8.152376413345336914e-01
7.129859328269958496e-01 2.870140373706817627e-01
7.462885975837707520e-01 2.537114024162292480e-01
4.205119013786315918e-01 5.794880986213684082e-01
7.034543752670288086e-01 2.965456545352935791e-01
6.678671240806579590e-01 3.321329057216644287e-01
6.397289037704467773e-02 9.360271096229553223e-01
2.143844366073608398e-01 7.856155633926391602e-01
6.076370924711227417e-02 9.392362833023071289e-01
3.329253196716308594e-01 6.670746803283691406e-01
6.788177490234375000e-01 3.211822211742401123e-01
6.372349709272384644e-02 9.362764954566955566e-01
5.986184477806091309e-01 4.013815820217132568e-01
4.317393600940704346e-01 5.682606101036071777e-01
7.647662162780761719e-01 2.352337837219238281e-01
6.193700432777404785e-01 3.806299567222595215e-01
5.503687858581542969e-01 4.496312141418457031e-01
6.882407665252685547e-01 3.117592334747314453e-01
7.618795633316040039e-01 2.381204366683959961e-01
6.532341837882995605e-01 3.467658162117004395e-01
3.137028515338897705e-01 6.862971782684326172e-01
4.326727241277694702e-02 9.567327499389648438e-01
3.210364580154418945e-01 6.789635419845581055e-01
6.136067509651184082e-01 3.863932490348815918e-01
6.193700432777404785e-01 3.806299567222595215e-01
1.171682849526405334e-01 8.828316926956176758e-01
8.288428783416748047e-01 1.711571365594863892e-01
8.712058663368225098e-01 1.287941336631774902e-01
4.946877658367156982e-01 5.053122639656066895e-01
6.193700432777404785e-01 3.806299567222595215e-01
7.163074612617492676e-01 2.836925685405731201e-01
1.015371903777122498e-01 8.984628319740295410e-01
6.133030056953430176e-01 3.866970241069793701e-01
2.759768366813659668e-01 7.240231633186340332e-01
3.941880166530609131e-01 6.058120131492614746e-01
5.501477122306823730e-01 4.498523175716400146e-01
4.398896172642707825e-02 9.560110569000244141e-01
8.549269437789916992e-01 1.450730711221694946e-01
7.455222010612487793e-01 2.544777989387512207e-01
4.946877658367156982e-01 5.053122639656066895e-01
6.493511199951171875e-01 3.506489098072052002e-01
1.796834766864776611e-01 8.203164935111999512e-01
6.615853905677795410e-01 3.384146094322204590e-01
5.068797469139099121e-01 4.931202232837677002e-01
3.895166814327239990e-01 6.104833483695983887e-01
5.896895527839660645e-01 4.103104472160339355e-01
3.542481362819671631e-01 6.457518935203552246e-01
7.651259303092956543e-01 2.348740398883819580e-01
2.820509672164916992e-01 7.179490327835083008e-01
8.096811175346374512e-01 1.903189122676849365e-01
6.017324328422546387e-01 3.982675373554229736e-01
5.759146809577941895e-01 4.240853190422058105e-01
8.100989460945129395e-01 1.899010390043258667e-01
2.948745787143707275e-01 7.051253914833068848e-01
6.927996277809143066e-01 3.072004020214080811e-01
